540 468
544 461
550 458
557 458
562 460
564 464
564 468
563 470
562 470
561 470
561 470
561 470
562 470
562 470
562 470
563 472
563 472
563 472
563 472
563 472
563 472
563 472
565 470
565 472
565 472
565 472
565 472
565 472
565 472
565 472
566 470
566 470
566 470
566 470
567 470
567 470
567 470
567 465
568 467
568 469
568 469
568 469
568 469
568 469
568 469
568 469
569 467
569 467
569 467
569 467
570 467
570 467
570 467
570 465
571 465
571 465
571 465
571 465
572 465
572 465
572 465
571 465
572 465
572 465
572 465
571 465
571 465
571 465
567 460
570 461
571 463
571 465
571 465
571 465
571 465
571 465
571 465
571 465
572 463
572 463
572 463
572 463
573 463
573 463
573 463
573 461
574 461
574 461
574 461
574 461
575 461
575 461
575 461
574 461
575 461
575 461
575 461
574 461
574 461
574 461
570 459
573 459
574 459
574 459
574 459
574 459
575 459
575 459
575 459
574 459
575 459
575 459
575 459
574 459
574 459
574 459
571 457
572 457
573 457
573 457
573 457
572 457
572 457
572 457
571 455
571 455
571 455
571 455
571 455
571 455
571 455
562 456
567 456
570 457
571 459
571 461
571 461
571 461
571 461
571 461
571 461
571 461
572 459
572 459
572 459
572 459
573 459
573 459
573 459
573 457
574 457
574 457
574 457
574 457
575 457
575 457
575 457
574 457
575 457
575 457
575 457
574 457
574 457
574 457
570 455
573 455
574 455
574 455
574 455
574 455
575 455
575 455
575 455
574 455
575 455
575 455
575 455
574 455
574 455
574 455
571 453
572 453
573 453
573 453
573 453
572 453
572 453
572 453
571 451
571 451
571 451
571 451
571 451
571 451
571 451
564 452
567 451
570 451
571 451
571 451
571 451
571 451
572 451
572 451
572 451
571 451
572 451
572 451
572 451
571 451
571 451
571 451
568 449
569 449
570 449
570 449
570 449
569 449
569 449
569 449
568 447
568 447
568 447
568 447
568 447
568 447
568 447
564 448
565 446
566 446
567 446
567 446
567 446
566 446
566 446
566 446
565 444
565 444
565 444
565 444
565 444
565 444
565 444
563 446
563 444
563 444
563 444
563 444
563 444
563 444
563 444
562 446
562 446
562 446
562 446
561 446
561 446
561 446
553 452
558 450
563 450
566 451
567 453
567 455
567 455
567 455
567 455
567 455
567 455
567 455
568 453
568 453
568 453
568 453
569 453
569 453
569 453
569 451
570 451
570 451
570 451
570 451
571 451
571 451
571 451
570 451
571 451
571 451
571 451
570 451
570 451
570 451
566 449
569 449
570 449
570 449
570 449
570 449
571 449
571 449
571 449
570 449
571 449
571 449
571 449
570 449
570 449
570 449
567 447
568 447
569 447
569 447
569 447
568 447
568 447
568 447
567 445
567 445
567 445
567 445
567 445
567 445
567 445
560 446
563 445
566 445
567 445
567 445
567 445
567 445
568 445
568 445
568 445
567 445
568 445
568 445
568 445
567 445
567 445
567 445
564 443
565 443
566 443
566 443
566 443
565 443
565 443
565 443
564 441
564 441
564 441
564 441
564 441
564 441
564 441
560 442
561 440
562 440
563 440
563 440
563 440
562 440
562 440
562 440
561 438
561 438
561 438
561 438
561 438
561 438
561 438
559 440
559 438
559 438
559 438
559 438
559 438
559 438
559 438
558 440
558 440
558 440
558 440
557 440
557 440
557 440
553 446
555 442
558 441
561 441
562 441
562 441
562 441
562 441
563 441
563 441
563 441
562 441
563 441
563 441
563 441
562 441
562 441
562 441
559 439
560 439
561 439
561 439
561 439
560 439
560 439
560 439
559 437
559 437
559 437
559 437
559 437
559 437
559 437
555 438
556 436
557 436
558 436
558 436
558 436
557 436
557 436
557 436
556 434
556 434
556 434
556 434
556 434
556 434
556 434
554 436
554 434
554 434
554 434
554 434
554 434
554 434
554 434
553 436
553 436
553 436
553 436
552 436
552 436
552 436
551 442
551 438
552 436
553 436
554 436
554 436
554 436
553 436
553 436
553 436
552 434
552 434
552 434
552 434
552 434
552 434
552 434
550 436
550 434
550 434
550 434
550 434
550 434
550 434
550 434
549 436
549 436
549 436
549 436
548 436
548 436
548 436
548 441
547 439
547 437
547 437
547 437
547 437
547 437
547 437
547 437
546 439
546 439
546 439
546 439
545 439
545 439
545 439
545 441
544 441
544 441
544 441
544 441
543 441
543 441
543 441
544 442
543 442
543 442
543 442
544 442
544 442
544 442
544 453
547 447
552 445
557 445
560 446
561 448
561 450
561 450
561 450
561 450
561 450
561 450
561 450
562 448
562 448
562 448
562 448
563 448
563 448
563 448
563 446
564 446
564 446
564 446
564 446
565 446
565 446
565 446
564 446
565 446
565 446
565 446
564 446
564 446
564 446
560 444
563 444
564 444
564 444
564 444
564 444
565 444
565 444
565 444
564 444
565 444
565 444
565 444
564 444
564 444
564 444
561 442
562 442
563 442
563 442
563 442
562 442
562 442
562 442
561 440
561 440
561 440
561 440
561 440
561 440
561 440
554 441
557 440
560 440
561 440
561 440
561 440
561 440
562 440
562 440
562 440
561 440
562 440
562 440
562 440
561 440
561 440
561 440
558 438
559 438
560 438
560 438
560 438
559 438
559 438
559 438
558 436
558 436
558 436
558 436
558 436
558 436
558 436
554 437
555 435
556 435
557 435
557 435
557 435
556 435
556 435
556 435
555 433
555 433
555 433
555 433
555 433
555 433
555 433
553 435
553 433
553 433
553 433
553 433
553 433
553 433
553 433
552 435
552 435
552 435
552 435
551 435
551 435
551 435
547 441
549 437
552 436
555 436
556 436
556 436
556 436
556 436
557 436
557 436
557 436
556 436
557 436
557 436
557 436
556 436
556 436
556 436
553 434
554 434
555 434
555 434
555 434
554 434
554 434
554 434
553 432
553 432
553 432
553 432
553 432
553 432
553 432
549 433
550 431
551 431
552 431
552 431
552 431
551 431
551 431
551 431
550 429
550 429
550 429
550 429
550 429
550 429
550 429
548 431
548 429
548 429
548 429
548 429
548 429
548 429
548 429
547 431
547 431
547 431
547 431
546 431
546 431
546 431
545 437
545 433
546 431
547 431
548 431
548 431
548 431
547 431
547 431
547 431
546 429
546 429
546 429
546 429
546 429
546 429
546 429
544 431
544 429
544 429
544 429
544 429
544 429
544 429
544 429
543 431
543 431
543 431
543 431
542 431
542 431
542 431
542 436
541 434
541 432
541 432
541 432
541 432
541 432
541 432
541 432
540 434
540 434
540 434
540 434
539 434
539 434
539 434
539 436
538 436
538 436
538 436
538 436
537 436
537 436
537 436
538 437
537 437
537 437
537 437
538 437
538 437
538 437
541 447
541 441
543 437
546 436
549 436
550 436
550 436
550 436
550 436
551 436
551 436
551 436
550 436
551 436
551 436
551 436
550 436
550 436
550 436
547 434
548 434
549 434
549 434
549 434
548 434
548 434
548 434
547 432
547 432
547 432
547 432
547 432
547 432
547 432
543 433
544 431
545 431
546 431
546 431
546 431
545 431
545 431
545 431
544 429
544 429
544 429
544 429
544 429
544 429
544 429
542 431
542 429
542 429
542 429
542 429
542 429
542 429
542 429
541 431
541 431
541 431
541 431
540 431
540 431
540 431
539 437
539 433
540 431
541 431
542 431
542 431
542 431
541 431
541 431
541 431
540 429
540 429
540 429
540 429
540 429
540 429
540 429
538 431
538 429
538 429
538 429
538 429
538 429
538 429
538 429
537 431
537 431
537 431
537 431
536 431
536 431
536 431
536 436
535 434
535 432
535 432
535 432
535 432
535 432
535 432
535 432
534 434
534 434
534 434
534 434
533 434
533 434
533 434
533 436
532 436
532 436
532 436
532 436
531 436
531 436
531 436
532 437
531 437
531 437
531 437
532 437
532 437
532 437
536 445
534 441
534 437
535 435
536 435
537 435
537 435
537 435
536 435
536 435
536 435
535 433
535 433
535 433
535 433
535 433
535 433
535 433
533 435
533 433
533 433
533 433
533 433
533 433
533 433
533 433
532 435
532 435
532 435
532 435
531 435
531 435
531 435
531 440
530 438
530 436
530 436
530 436
530 436
530 436
530 436
530 436
529 438
529 438
529 438
529 438
528 438
528 438
528 438
528 440
527 440
527 440
527 440
527 440
526 440
526 440
526 440
527 441
526 441
526 441
526 441
527 441
527 441
527 441
531 445
528 444
527 442
527 440
527 440
527 440
527 440
527 440
527 440
527 440
526 442
526 442
526 442
526 442
525 442
525 442
525 442
525 444
524 444
524 444
524 444
524 444
523 444
523 444
523 444
524 445
523 445
523 445
523 445
524 445
524 445
524 445
528 447
525 447
524 447
524 447
524 447
524 447
523 447
523 447
523 447
524 448
523 448
523 448
523 448
524 448
524 448
524 448
527 449
526 450
525 450
525 450
525 450
526 450
526 450
526 450
527 451
527 451
527 451
527 451
527 451
527 451
527 451
536 461
536 453
539 447
544 445
549 445
552 446
553 448
553 450
553 450
553 450
553 450
553 450
553 450
553 450
554 448
554 448
554 448
554 448
555 448
555 448
555 448
555 446
556 446
556 446
556 446
556 446
557 446
557 446
557 446
556 446
557 446
557 446
557 446
556 446
556 446
556 446
552 444
555 444
556 444
556 444
556 444
556 444
557 444
557 444
557 444
556 444
557 444
557 444
557 444
556 444
556 444
556 444
553 442
554 442
555 442
555 442
555 442
554 442
554 442
554 442
553 440
553 440
553 440
553 440
553 440
553 440
553 440
546 441
549 440
552 440
553 440
553 440
553 440
553 440
554 440
554 440
554 440
553 440
554 440
554 440
554 440
553 440
553 440
553 440
550 438
551 438
552 438
552 438
552 438
551 438
551 438
551 438
550 436
550 436
550 436
550 436
550 436
550 436
550 436
546 437
547 435
548 435
549 435
549 435
549 435
548 435
548 435
548 435
547 433
547 433
547 433
547 433
547 433
547 433
547 433
545 435
545 433
545 433
545 433
545 433
545 433
545 433
545 433
544 435
544 435
544 435
544 435
543 435
543 435
543 435
539 441
541 437
544 436
547 436
548 436
548 436
548 436
548 436
549 436
549 436
549 436
548 436
549 436
549 436
549 436
548 436
548 436
548 436
545 434
546 434
547 434
547 434
547 434
546 434
546 434
546 434
545 432
545 432
545 432
545 432
545 432
545 432
545 432
541 433
542 431
543 431
544 431
544 431
544 431
543 431
543 431
543 431
542 429
542 429
542 429
542 429
542 429
542 429
542 429
540 431
540 429
540 429
540 429
540 429
540 429
540 429
540 429
539 431
539 431
539 431
539 431
538 431
538 431
538 431
537 437
537 433
538 431
539 431
540 431
540 431
540 431
539 431
539 431
539 431
538 429
538 429
538 429
538 429
538 429
538 429
538 429
536 431
536 429
536 429
536 429
536 429
536 429
536 429
536 429
535 431
535 431
535 431
535 431
534 431
534 431
534 431
534 436
533 434
533 432
533 432
533 432
533 432
533 432
533 432
533 432
532 434
532 434
532 434
532 434
531 434
531 434
531 434
531 436
530 436
530 436
530 436
530 436
529 436
529 436
529 436
530 437
529 437
529 437
529 437
530 437
530 437
530 437
533 447
533 441
535 437
538 436
541 436
542 436
542 436
542 436
542 436
543 436
543 436
543 436
542 436
543 436
543 436
543 436
542 436
542 436
542 436
539 434
540 434
541 434
541 434
541 434
540 434
540 434
540 434
539 432
539 432
539 432
539 432
539 432
539 432
539 432
535 433
536 431
537 431
538 431
538 431
538 431
537 431
537 431
537 431
536 429
536 429
536 429
536 429
536 429
536 429
536 429
534 431
534 429
534 429
534 429
534 429
534 429
534 429
534 429
533 431
533 431
533 431
533 431
532 431
532 431
532 431
531 437
531 433
532 431
533 431
534 431
534 431
534 431
533 431
533 431
533 431
532 429
532 429
532 429
532 429
532 429
532 429
532 429
530 431
530 429
530 429
530 429
530 429
530 429
530 429
530 429
529 431
529 431
529 431
529 431
528 431
528 431
528 431
528 436
527 434
527 432
527 432
527 432
527 432
527 432
527 432
527 432
526 434
526 434
526 434
526 434
525 434
525 434
525 434
525 436
524 436
524 436
524 436
524 436
523 436
523 436
523 436
524 437
523 437
523 437
523 437
524 437
524 437
524 437
528 445
526 441
526 437
527 435
528 435
529 435
529 435
529 435
528 435
528 435
528 435
527 433
527 433
527 433
527 433
527 433
527 433
527 433
525 435
525 433
525 433
525 433
525 433
525 433
525 433
525 433
524 435
524 435
524 435
524 435
523 435
523 435
523 435
523 440
522 438
522 436
522 436
522 436
522 436
522 436
522 436
522 436
521 438
521 438
521 438
521 438
520 438
520 438
520 438
520 440
519 440
519 440
519 440
519 440
518 440
518 440
518 440
519 441
518 441
518 441
518 441
519 441
519 441
519 441
523 445
520 444
519 442
519 440
519 440
519 440
519 440
519 440
519 440
519 440
518 442
518 442
518 442
518 442
517 442
517 442
517 442
517 444
516 444
516 444
516 444
516 444
515 444
515 444
515 444
516 445
515 445
515 445
515 445
516 445
516 445
516 445
520 447
517 447
516 447
516 447
516 447
516 447
515 447
515 447
515 447
516 448
515 448
515 448
515 448
516 448
516 448
516 448
519 449
518 450
517 450
517 450
517 450
518 450
518 450
518 450
519 451
519 451
519 451
519 451
519 451
519 451
519 451
530 458
527 452
527 446
529 442
532 441
535 441
536 441
536 441
536 441
536 441
537 441
537 441
537 441
536 441
537 441
537 441
537 441
536 441
536 441
536 441
533 439
534 439
535 439
535 439
535 439
534 439
534 439
534 439
533 437
533 437
533 437
533 437
533 437
533 437
533 437
529 438
530 436
531 436
532 436
532 436
532 436
531 436
531 436
531 436
530 434
530 434
530 434
530 434
530 434
530 434
530 434
528 436
528 434
528 434
528 434
528 434
528 434
528 434
528 434
527 436
527 436
527 436
527 436
526 436
526 436
526 436
525 442
525 438
526 436
527 436
528 436
528 436
528 436
527 436
527 436
527 436
526 434
526 434
526 434
526 434
526 434
526 434
526 434
524 436
524 434
524 434
524 434
524 434
524 434
524 434
524 434
523 436
523 436
523 436
523 436
522 436
522 436
522 436
522 441
521 439
521 437
521 437
521 437
521 437
521 437
521 437
521 437
520 439
520 439
520 439
520 439
519 439
519 439
519 439
519 441
518 441
518 441
518 441
518 441
517 441
517 441
517 441
518 442
517 442
517 442
517 442
518 442
518 442
518 442
522 450
520 446
520 442
521 440
522 440
523 440
523 440
523 440
522 440
522 440
522 440
521 438
521 438
521 438
521 438
521 438
521 438
521 438
519 440
519 438
519 438
519 438
519 438
519 438
519 438
519 438
518 440
518 440
518 440
518 440
517 440
517 440
517 440
517 445
516 443
516 441
516 441
516 441
516 441
516 441
516 441
516 441
515 443
515 443
515 443
515 443
514 443
514 443
514 443
514 445
513 445
513 445
513 445
513 445
512 445
512 445
512 445
513 446
512 446
512 446
512 446
513 446
513 446
513 446
517 450
514 449
513 447
513 445
513 445
513 445
513 445
513 445
513 445
513 445
512 447
512 447
512 447
512 447
511 447
511 447
511 447
511 449
510 449
510 449
510 449
510 449
509 449
509 449
509 449
510 450
509 450
509 450
509 450
510 450
510 450
510 450
514 452
511 452
510 452
510 452
510 452
510 452
509 452
509 452
509 452
510 453
509 453
509 453
509 453
510 453
510 453
510 453
513 454
512 455
511 455
511 455
511 455
512 455
512 455
512 455
513 456
513 456
513 456
513 456
513 456
513 456
513 456
523 458
518 456
516 452
516 448
517 446
518 446
519 446
519 446
519 446
518 446
518 446
518 446
517 444
517 444
517 444
517 444
517 444
517 444
517 444
515 446
515 444
515 444
515 444
515 444
515 444
515 444
515 444
514 446
514 446
514 446
514 446
513 446
513 446
513 446
513 451
512 449
512 447
512 447
512 447
512 447
512 447
512 447
512 447
511 449
511 449
511 449
511 449
510 449
510 449
510 449
510 451
509 451
509 451
509 451
509 451
508 451
508 451
508 451
509 452
508 452
508 452
508 452
509 452
509 452
509 452
513 456
510 455
509 453
509 451
509 451
509 451
509 451
509 451
509 451
509 451
508 453
508 453
508 453
508 453
507 453
507 453
507 453
507 455
506 455
506 455
506 455
506 455
505 455
505 455
505 455
506 456
505 456
505 456
505 456
506 456
506 456
506 456
510 458
507 458
506 458
506 458
506 458
506 458
505 458
505 458
505 458
506 459
505 459
505 459
505 459
506 459
506 459
506 459
509 460
508 461
507 461
507 461
507 461
508 461
508 461
508 461
509 462
509 462
509 462
509 462
509 462
509 462
509 462
518 461
513 461
510 460
509 458
509 456
509 456
509 456
509 456
509 456
509 456
509 456
508 458
508 458
508 458
508 458
507 458
507 458
507 458
507 460
506 460
506 460
506 460
506 460
505 460
505 460
505 460
506 461
505 461
505 461
505 461
506 461
506 461
506 461
510 463
507 463
506 463
506 463
506 463
506 463
505 463
505 463
505 463
506 464
505 464
505 464
505 464
506 464
506 464
506 464
509 465
508 466
507 466
507 466
507 466
508 466
508 466
508 466
509 467
509 467
509 467
509 467
509 467
509 467
509 467
516 465
513 467
510 467
509 467
509 467
509 467
509 467
508 467
508 467
508 467
509 468
508 468
508 468
508 468
509 468
509 468
509 468
512 469
511 470
510 470
510 470
510 470
511 470
511 470
511 470
512 471
512 471
512 471
512 471
512 471
512 471
512 471
516 469
515 471
514 472
513 472
513 472
513 472
514 472
514 472
514 472
515 473
515 473
515 473
515 473
515 473
515 473
515 473
517 471
517 473
517 473
517 473
517 473
517 473
517 473
517 473
518 472
518 472
518 472
518 472
519 472
519 472
519 472
