540 467
545 459
552 455
560 455
566 458
569 463
569 468
568 471
566 472
564 472
564 472
564 472
564 472
564 472
564 472
564 472
566 473
566 473
566 473
566 473
566 474
566 474
566 474
568 474
568 475
568 475
568 475
568 475
568 476
568 476
568 476
569 475
569 476
569 476
569 476
569 475
569 475
569 475
571 471
571 474
571 475
571 475
571 475
571 475
571 476
571 476
571 476
572 475
572 476
572 476
572 476
572 475
572 475
572 475
573 472
574 473
574 474
574 474
574 474
574 473
574 473
574 473
575 472
575 472
575 472
575 472
575 472
575 472
575 472
573 465
575 468
575 471
575 472
575 472
575 472
575 472
575 473
575 473
575 473
576 472
576 473
576 473
576 473
576 472
576 472
576 472
577 469
578 470
578 471
578 471
578 471
578 470
578 470
578 470
579 469
579 469
579 469
579 469
579 469
579 469
579 469
577 465
579 466
580 467
580 468
580 468
580 468
580 467
580 467
580 467
581 466
581 466
581 466
581 466
581 466
581 466
581 466
579 464
581 464
581 464
581 464
581 464
581 464
581 464
581 464
580 463
580 463
580 463
580 463
580 462
580 462
580 462
572 458
576 460
578 463
578 466
578 467
578 467
578 467
578 467
578 468
578 468
578 468
579 467
579 468
579 468
579 468
579 467
579 467
579 467
580 464
581 465
581 466
581 466
581 466
581 465
581 465
581 465
582 464
582 464
582 464
582 464
582 464
582 464
582 464
580 460
582 461
583 462
583 463
583 463
583 463
583 462
583 462
583 462
584 461
584 461
584 461
584 461
584 461
584 461
584 461
582 459
584 459
584 459
584 459
584 459
584 459
584 459
584 459
583 458
583 458
583 458
583 458
583 457
583 457
583 457
576 456
580 456
582 457
583 458
583 459
583 459
583 459
583 458
583 458
583 458
584 457
584 457
584 457
584 457
584 457
584 457
584 457
582 455
584 455
584 455
584 455
584 455
584 455
584 455
584 455
583 454
583 454
583 454
583 454
583 453
583 453
583 453
578 453
580 452
582 452
582 452
582 452
582 452
582 452
582 452
582 452
581 451
581 451
581 451
581 451
581 450
581 450
581 450
578 450
579 449
579 449
579 449
579 449
579 448
579 448
579 448
578 449
578 448
578 448
578 448
578 449
578 449
578 449
566 452
572 452
576 454
578 457
578 460
578 461
578 461
578 461
578 461
578 462
578 462
578 462
579 461
579 462
579 462
579 462
579 461
579 461
579 461
580 458
581 459
581 460
581 460
581 460
581 459
581 459
581 459
582 458
582 458
582 458
582 458
582 458
582 458
582 458
580 454
582 455
583 456
583 457
583 457
583 457
583 456
583 456
583 456
584 455
584 455
584 455
584 455
584 455
584 455
584 455
582 453
584 453
584 453
584 453
584 453
584 453
584 453
584 453
583 452
583 452
583 452
583 452
583 451
583 451
583 451
576 450
580 450
582 451
583 452
583 453
583 453
583 453
583 452
583 452
583 452
584 451
584 451
584 451
584 451
584 451
584 451
584 451
582 449
584 449
584 449
584 449
584 449
584 449
584 449
584 449
583 448
583 448
583 448
583 448
583 447
583 447
583 447
578 447
580 446
582 446
582 446
582 446
582 446
582 446
582 446
582 446
581 445
581 445
581 445
581 445
581 444
581 444
581 444
578 444
579 443
579 443
579 443
579 443
579 442
579 442
579 442
578 443
578 442
578 442
578 442
578 443
578 443
578 443
569 447
573 445
577 445
579 446
580 447
580 448
580 448
580 448
580 447
580 447
580 447
581 446
581 446
581 446
581 446
581 446
581 446
581 446
579 444
581 444
581 444
581 444
581 444
581 444
581 444
581 444
580 443
580 443
580 443
580 443
580 442
580 442
580 442
575 442
577 441
579 441
579 441
579 441
579 441
579 441
579 441
579 441
578 440
578 440
578 440
578 440
578 439
578 439
578 439
575 439
576 438
576 438
576 438
576 438
576 437
576 437
576 437
575 438
575 437
575 437
575 437
575 438
575 438
575 438
569 442
571 439
573 438
575 438
575 438
575 438
575 438
575 438
575 438
575 438
574 437
574 437
574 437
574 437
574 436
574 436
574 436
571 436
572 435
572 435
572 435
572 435
572 434
572 434
572 434
571 435
571 434
571 434
571 434
571 435
571 435
571 435
568 439
568 436
569 435
569 435
569 435
569 435
569 434
569 434
569 434
568 435
568 434
568 434
568 434
568 435
568 435
568 435
566 438
566 437
566 436
566 436
566 436
566 437
566 437
566 437
564 438
564 438
564 438
564 438
564 438
564 438
564 438
556 449
562 446
568 446
572 448
574 451
574 454
574 455
574 455
574 455
574 455
574 456
574 456
574 456
575 455
575 456
575 456
575 456
575 455
575 455
575 455
576 452
577 453
577 454
577 454
577 454
577 453
577 453
577 453
578 452
578 452
578 452
578 452
578 452
578 452
578 452
576 448
578 449
579 450
579 451
579 451
579 451
579 450
579 450
579 450
580 449
580 449
580 449
580 449
580 449
580 449
580 449
578 447
580 447
580 447
580 447
580 447
580 447
580 447
580 447
579 446
579 446
579 446
579 446
579 445
579 445
579 445
572 444
576 444
578 445
579 446
579 447
579 447
579 447
579 446
579 446
579 446
580 445
580 445
580 445
580 445
580 445
580 445
580 445
578 443
580 443
580 443
580 443
580 443
580 443
580 443
580 443
579 442
579 442
579 442
579 442
579 441
579 441
579 441
574 441
576 440
578 440
578 440
578 440
578 440
578 440
578 440
578 440
577 439
577 439
577 439
577 439
577 438
577 438
577 438
574 438
575 437
575 437
575 437
575 437
575 436
575 436
575 436
574 437
574 436
574 436
574 436
574 437
574 437
574 437
565 441
569 439
573 439
575 440
576 441
576 442
576 442
576 442
576 441
576 441
576 441
577 440
577 440
577 440
577 440
577 440
577 440
577 440
575 438
577 438
577 438
577 438
577 438
577 438
577 438
577 438
576 437
576 437
576 437
576 437
576 436
576 436
576 436
571 436
573 435
575 435
575 435
575 435
575 435
575 435
575 435
575 435
574 434
574 434
574 434
574 434
574 433
574 433
574 433
571 433
572 432
572 432
572 432
572 432
572 431
572 431
572 431
571 432
571 431
571 431
571 431
571 432
571 432
571 432
565 436
567 433
569 432
571 432
571 432
571 432
571 432
571 432
571 432
571 432
570 431
570 431
570 431
570 431
570 430
570 430
570 430
567 430
568 429
568 429
568 429
568 429
568 428
568 428
568 428
567 429
567 428
567 428
567 428
567 429
567 429
567 429
564 433
564 430
565 429
565 429
565 429
565 429
565 428
565 428
565 428
564 429
564 428
564 428
564 428
564 429
564 429
564 429
562 432
562 431
562 430
562 430
562 430
562 431
562 431
562 431
560 432
560 432
560 432
560 432
560 432
560 432
560 432
556 442
559 437
563 435
567 435
569 436
570 437
570 438
570 438
570 438
570 437
570 437
570 437
571 436
571 436
571 436
571 436
571 436
571 436
571 436
569 434
571 434
571 434
571 434
571 434
571 434
571 434
571 434
570 433
570 433
570 433
570 433
570 432
570 432
570 432
565 432
567 431
569 431
569 431
569 431
569 431
569 431
569 431
569 431
568 430
568 430
568 430
568 430
568 429
568 429
568 429
565 429
566 428
566 428
566 428
566 428
566 427
566 427
566 427
565 428
565 427
565 427
565 427
565 428
565 428
565 428
559 432
561 429
563 428
565 428
565 428
565 428
565 428
565 428
565 428
565 428
564 427
564 427
564 427
564 427
564 426
564 426
564 426
561 426
562 425
562 425
562 425
562 425
562 424
562 424
562 424
561 425
561 424
561 424
561 424
561 425
561 425
561 425
558 429
558 426
559 425
559 425
559 425
559 425
559 424
559 424
559 424
558 425
558 424
558 424
558 424
558 425
558 425
558 425
556 428
556 427
556 426
556 426
556 426
556 427
556 427
556 427
554 428
554 428
554 428
554 428
554 428
554 428
554 428
554 437
554 432
556 429
558 428
560 428
560 428
560 428
560 428
560 428
560 428
560 428
559 427
559 427
559 427
559 427
559 426
559 426
559 426
556 426
557 425
557 425
557 425
557 425
557 424
557 424
557 424
556 425
556 424
556 424
556 424
556 425
556 425
556 425
553 429
553 426
554 425
554 425
554 425
554 425
554 424
554 424
554 424
553 425
553 424
553 424
553 424
553 425
553 425
553 425
551 428
551 427
551 426
551 426
551 426
551 427
551 427
551 427
549 428
549 428
549 428
549 428
549 428
549 428
549 428
550 435
549 432
549 429
550 428
550 428
550 428
550 428
550 427
550 427
550 427
549 428
549 427
549 427
549 427
549 428
549 428
549 428
547 431
547 430
547 429
547 429
547 429
547 430
547 430
547 430
545 431
545 431
545 431
545 431
545 431
545 431
545 431
546 435
544 434
544 433
544 432
544 432
544 432
544 433
544 433
544 433
542 434
542 434
542 434
542 434
542 434
542 434
542 434
544 436
542 436
542 436
542 436
542 436
542 436
542 436
542 436
543 437
543 437
543 437
543 437
543 438
543 438
543 438
545 450
549 444
555 441
561 441
565 443
567 446
567 449
567 450
567 450
567 450
567 450
567 451
567 451
567 451
568 450
568 451
568 451
568 451
568 450
568 450
568 450
569 447
570 448
570 449
570 449
570 449
570 448
570 448
570 448
571 447
571 447
571 447
571 447
571 447
571 447
571 447
569 443
571 444
572 445
572 446
572 446
572 446
572 445
572 445
572 445
573 444
573 444
573 444
573 444
573 444
573 444
573 444
571 442
573 442
573 442
573 442
573 442
573 442
573 442
573 442
572 441
572 441
572 441
572 441
572 440
572 440
572 440
565 439
569 439
571 440
572 441
572 442
572 442
572 442
572 441
572 441
572 441
573 440
573 440
573 440
573 440
573 440
573 440
573 440
571 438
573 438
573 438
573 438
573 438
573 438
573 438
573 438
572 437
572 437
572 437
572 437
572 436
572 436
572 436
567 436
569 435
571 435
571 435
571 435
571 435
571 435
571 435
571 435
570 434
570 434
570 434
570 434
570 433
570 433
570 433
567 433
568 432
568 432
568 432
568 432
568 431
568 431
568 431
567 432
567 431
567 431
567 431
567 432
567 432
567 432
558 436
562 434
566 434
568 435
569 436
569 437
569 437
569 437
569 436
569 436
569 436
570 435
570 435
570 435
570 435
570 435
570 435
570 435
568 433
570 433
570 433
570 433
570 433
570 433
570 433
570 433
569 432
569 432
569 432
569 432
569 431
569 431
569 431
564 431
566 430
568 430
568 430
568 430
568 430
568 430
568 430
568 430
567 429
567 429
567 429
567 429
567 428
567 428
567 428
564 428
565 427
565 427
565 427
565 427
565 426
565 426
565 426
564 427
564 426
564 426
564 426
564 427
564 427
564 427
558 431
560 428
562 427
564 427
564 427
564 427
564 427
564 427
564 427
564 427
563 426
563 426
563 426
563 426
563 425
563 425
563 425
560 425
561 424
561 424
561 424
561 424
561 423
561 423
561 423
560 424
560 423
560 423
560 423
560 424
560 424
560 424
557 428
557 425
558 424
558 424
558 424
558 424
558 423
558 423
558 423
557 424
557 423
557 423
557 423
557 424
557 424
557 424
555 427
555 426
555 425
555 425
555 425
555 426
555 426
555 426
553 427
553 427
553 427
553 427
553 427
553 427
553 427
549 437
552 432
556 430
560 430
562 431
563 432
563 433
563 433
563 433
563 432
563 432
563 432
564 431
564 431
564 431
564 431
564 431
564 431
564 431
562 429
564 429
564 429
564 429
564 429
564 429
564 429
564 429
563 428
563 428
563 428
563 428
563 427
563 427
563 427
558 427
560 426
562 426
562 426
562 426
562 426
562 426
562 426
562 426
561 425
561 425
561 425
561 425
561 424
561 424
561 424
558 424
559 423
559 423
559 423
559 423
559 422
559 422
559 422
558 423
558 422
558 422
558 422
558 423
558 423
558 423
552 427
554 424
556 423
558 423
558 423
558 423
558 423
558 423
558 423
558 423
557 422
557 422
557 422
557 422
557 421
557 421
557 421
554 421
555 420
555 420
555 420
555 420
555 419
555 419
555 419
554 420
554 419
554 419
554 419
554 420
554 420
554 420
551 424
551 421
552 420
552 420
552 420
552 420
552 419
552 419
552 419
551 420
551 419
551 419
551 419
551 420
551 420
551 420
549 423
549 422
549 421
549 421
549 421
549 422
549 422
549 422
547 423
547 423
547 423
547 423
547 423
547 423
547 423
547 432
547 427
549 424
551 423
553 423
553 423
553 423
553 423
553 423
553 423
553 423
552 422
552 422
552 422
552 422
552 421
552 421
552 421
549 421
550 420
550 420
550 420
550 420
550 419
550 419
550 419
549 420
549 419
549 419
549 419
549 420
549 420
549 420
546 424
546 421
547 420
547 420
547 420
547 420
547 419
547 419
547 419
546 420
546 419
546 419
546 419
546 420
546 420
546 420
544 423
544 422
544 421
544 421
544 421
544 422
544 422
544 422
542 423
542 423
542 423
542 423
542 423
542 423
542 423
543 430
542 427
542 424
543 423
543 423
543 423
543 423
543 422
543 422
543 422
542 423
542 422
542 422
542 422
542 423
542 423
542 423
540 426
540 425
540 424
540 424
540 424
540 425
540 425
540 425
538 426
538 426
538 426
538 426
538 426
538 426
538 426
539 430
537 429
537 428
537 427
537 427
537 427
537 428
537 428
537 428
535 429
535 429
535 429
535 429
535 429
535 429
535 429
537 431
535 431
535 431
535 431
535 431
535 431
535 431
535 431
536 432
536 432
536 432
536 432
536 433
536 433
536 433
542 444
542 437
545 432
549 430
553 430
555 431
556 432
556 433
556 433
556 433
556 432
556 432
556 432
557 431
557 431
557 431
557 431
557 431
557 431
557 431
555 429
557 429
557 429
557 429
557 429
557 429
557 429
557 429
556 428
556 428
556 428
556 428
556 427
556 427
556 427
551 427
553 426
555 426
555 426
555 426
555 426
555 426
555 426
555 426
554 425
554 425
554 425
554 425
554 424
554 424
554 424
551 424
552 423
552 423
552 423
552 423
552 422
552 422
552 422
551 423
551 422
551 422
551 422
551 423
551 423
551 423
545 427
547 424
549 423
551 423
551 423
551 423
551 423
551 423
551 423
551 423
550 422
550 422
550 422
550 422
550 421
550 421
550 421
547 421
548 420
548 420
548 420
548 420
548 419
548 419
548 419
547 420
547 419
547 419
547 419
547 420
547 420
547 420
544 424
544 421
545 420
545 420
545 420
545 420
545 419
545 419
545 419
544 420
544 419
544 419
544 419
544 420
544 420
544 420
542 423
542 422
542 421
542 421
542 421
542 422
542 422
542 422
540 423
540 423
540 423
540 423
540 423
540 423
540 423
540 432
540 427
542 424
544 423
546 423
546 423
546 423
546 423
546 423
546 423
546 423
545 422
545 422
545 422
545 422
545 421
545 421
545 421
542 421
543 420
543 420
543 420
543 420
543 419
543 419
543 419
542 420
542 419
542 419
542 419
542 420
542 420
542 420
539 424
539 421
540 420
540 420
540 420
540 420
540 419
540 419
540 419
539 420
539 419
539 419
539 419
539 420
539 420
539 420
537 423
537 422
537 421
537 421
537 421
537 422
537 422
537 422
535 423
535 423
535 423
535 423
535 423
535 423
535 423
536 430
535 427
535 424
536 423
536 423
536 423
536 423
536 422
536 422
536 422
535 423
535 422
535 422
535 422
535 423
535 423
535 423
533 426
533 425
533 424
533 424
533 424
533 425
533 425
533 425
531 426
531 426
531 426
531 426
531 426
531 426
531 426
532 430
530 429
530 428
530 427
530 427
530 427
530 428
530 428
530 428
528 429
528 429
528 429
528 429
528 429
528 429
528 429
530 431
528 431
528 431
528 431
528 431
528 431
528 431
528 431
529 432
529 432
529 432
529 432
529 433
529 433
529 433
536 441
534 436
534 431
536 428
538 427
540 427
540 427
540 427
540 427
540 427
540 427
540 427
539 426
539 426
539 426
539 426
539 425
539 425
539 425
536 425
537 424
537 424
537 424
537 424
537 423
537 423
537 423
536 424
536 423
536 423
536 423
536 424
536 424
536 424
533 428
533 425
534 424
534 424
534 424
534 424
534 423
534 423
534 423
533 424
533 423
533 423
533 423
533 424
533 424
533 424
531 427
531 426
531 425
531 425
531 425
531 426
531 426
531 426
529 427
529 427
529 427
529 427
529 427
529 427
529 427
530 434
529 431
529 428
530 427
530 427
530 427
530 427
530 426
530 426
530 426
529 427
529 426
529 426
529 426
529 427
529 427
529 427
527 430
527 429
527 428
527 428
527 428
527 429
527 429
527 429
525 430
525 430
525 430
525 430
525 430
525 430
525 430
526 434
524 433
524 432
524 431
524 431
524 431
524 432
524 432
524 432
522 433
522 433
522 433
522 433
522 433
522 433
522 433
524 435
522 435
522 435
522 435
522 435
522 435
522 435
522 435
523 436
523 436
523 436
523 436
523 437
523 437
523 437
530 441
526 439
525 436
525 433
526 432
526 432
526 432
526 432
526 431
526 431
526 431
525 432
525 431
525 431
525 431
525 432
525 432
525 432
523 435
523 434
523 433
523 433
523 433
523 434
523 434
523 434
521 435
521 435
521 435
521 435
521 435
521 435
521 435
522 439
520 438
520 437
520 436
520 436
520 436
520 437
520 437
520 437
518 438
518 438
518 438
518 438
518 438
518 438
518 438
520 440
518 440
518 440
518 440
518 440
518 440
518 440
518 440
519 441
519 441
519 441
519 441
519 442
519 442
519 442
526 443
522 443
520 442
520 441
520 440
520 440
520 440
520 441
520 441
520 441
518 442
518 442
518 442
518 442
518 442
518 442
518 442
520 444
518 444
518 444
518 444
518 444
518 444
518 444
518 444
519 445
519 445
519 445
519 445
519 446
519 446
519 446
524 446
522 447
520 447
520 447
520 447
520 447
520 447
520 447
520 447
521 448
521 448
521 448
521 448
521 449
521 449
521 449
524 449
523 450
523 450
523 450
523 450
523 451
523 451
523 451
525 450
525 451
525 451
525 451
525 450
525 450
525 450
536 459
536 450
540 444
546 441
552 441
556 443
558 446
558 449
558 450
558 450
558 450
558 450
558 451
558 451
558 451
559 450
559 451
559 451
559 451
559 450
559 450
559 450
560 447
561 448
561 449
561 449
561 449
561 448
561 448
561 448
562 447
562 447
562 447
562 447
562 447
562 447
562 447
560 443
562 444
563 445
563 446
563 446
563 446
563 445
563 445
563 445
564 444
564 444
564 444
564 444
564 444
564 444
564 444
562 442
564 442
564 442
564 442
564 442
564 442
564 442
564 442
563 441
563 441
563 441
563 441
563 440
563 440
563 440
556 439
560 439
562 440
563 441
563 442
563 442
563 442
563 441
563 441
563 441
564 440
564 440
564 440
564 440
564 440
564 440
564 440
562 438
564 438
564 438
564 438
564 438
564 438
564 438
564 438
563 437
563 437
563 437
563 437
563 436
563 436
563 436
558 436
560 435
562 435
562 435
562 435
562 435
562 435
562 435
562 435
561 434
561 434
561 434
561 434
561 433
561 433
561 433
558 433
559 432
559 432
559 432
559 432
559 431
559 431
559 431
558 432
558 431
558 431
558 431
558 432
558 432
558 432
549 436
553 434
557 434
559 435
560 436
560 437
560 437
560 437
560 436
560 436
560 436
561 435
561 435
561 435
561 435
561 435
561 435
561 435
559 433
561 433
561 433
561 433
561 433
561 433
561 433
561 433
560 432
560 432
560 432
560 432
560 431
560 431
560 431
555 431
557 430
559 430
559 430
559 430
559 430
559 430
559 430
559 430
558 429
558 429
558 429
558 429
558 428
558 428
558 428
555 428
556 427
556 427
556 427
556 427
556 426
556 426
556 426
555 427
555 426
555 426
555 426
555 427
555 427
555 427
549 431
551 428
553 427
555 427
555 427
555 427
555 427
555 427
555 427
555 427
554 426
554 426
554 426
554 426
554 425
554 425
554 425
551 425
552 424
552 424
552 424
552 424
552 423
552 423
552 423
551 424
551 423
551 423
551 423
551 424
551 424
551 424
548 428
548 425
549 424
549 424
549 424
549 424
549 423
549 423
549 423
548 424
548 423
548 423
548 423
548 424
548 424
548 424
546 427
546 426
546 425
546 425
546 425
546 426
546 426
546 426
544 427
544 427
544 427
544 427
544 427
544 427
544 427
540 437
543 432
547 430
551 430
553 431
554 432
554 433
554 433
554 433
554 432
554 432
554 432
555 431
555 431
555 431
555 431
555 431
555 431
555 431
553 429
555 429
555 429
555 429
555 429
555 429
555 429
555 429
554 428
554 428
554 428
554 428
554 427
554 427
554 427
549 427
551 426
553 426
553 426
553 426
553 426
553 426
553 426
553 426
552 425
552 425
552 425
552 425
552 424
552 424
552 424
549 424
550 423
550 423
550 423
550 423
550 422
550 422
550 422
549 423
549 422
549 422
549 422
549 423
549 423
549 423
543 427
545 424
547 423
549 423
549 423
549 423
549 423
549 423
549 423
549 423
548 422
548 422
548 422
548 422
548 421
548 421
548 421
545 421
546 420
546 420
546 420
546 420
546 419
546 419
546 419
545 420
545 419
545 419
545 419
545 420
545 420
545 420
542 424
542 421
543 420
543 420
543 420
543 420
543 419
543 419
543 419
542 420
542 419
542 419
542 419
542 420
542 420
542 420
540 423
540 422
540 421
540 421
540 421
540 422
540 422
540 422
538 423
538 423
538 423
538 423
538 423
538 423
538 423
538 432
538 427
540 424
542 423
544 423
544 423
544 423
544 423
544 423
544 423
544 423
543 422
543 422
543 422
543 422
543 421
543 421
543 421
540 421
541 420
541 420
541 420
541 420
541 419
541 419
541 419
540 420
540 419
540 419
540 419
540 420
540 420
540 420
537 424
537 421
538 420
538 420
538 420
538 420
538 419
538 419
538 419
537 420
537 419
537 419
537 419
537 420
537 420
537 420
535 423
535 422
535 421
535 421
535 421
535 422
535 422
535 422
533 423
533 423
533 423
533 423
533 423
533 423
533 423
534 430
533 427
533 424
534 423
534 423
534 423
534 423
534 422
534 422
534 422
533 423
533 422
533 422
533 422
533 423
533 423
533 423
531 426
531 425
531 424
531 424
531 424
531 425
531 425
531 425
529 426
529 426
529 426
529 426
529 426
529 426
529 426
530 430
528 429
528 428
528 427
528 427
528 427
528 428
528 428
528 428
526 429
526 429
526 429
526 429
526 429
526 429
526 429
528 431
526 431
526 431
526 431
526 431
526 431
526 431
526 431
527 432
527 432
527 432
527 432
527 433
527 433
527 433
533 444
533 437
536 432
540 430
544 430
546 431
547 432
547 433
547 433
547 433
547 432
547 432
547 432
548 431
548 431
548 431
548 431
548 431
548 431
548 431
546 429
548 429
548 429
548 429
548 429
548 429
548 429
548 429
547 428
547 428
547 428
547 428
547 427
547 427
547 427
542 427
544 426
546 426
546 426
546 426
546 426
546 426
546 426
546 426
545 425
545 425
545 425
545 425
545 424
545 424
545 424
542 424
543 423
543 423
543 423
543 423
543 422
543 422
543 422
542 423
542 422
542 422
542 422
542 423
542 423
542 423
536 427
538 424
540 423
542 423
542 423
542 423
542 423
542 423
542 423
542 423
541 422
541 422
541 422
541 422
541 421
541 421
541 421
538 421
539 420
539 420
539 420
539 420
539 419
539 419
539 419
538 420
538 419
538 419
538 419
538 420
538 420
538 420
535 424
535 421
536 420
536 420
536 420
536 420
536 419
536 419
536 419
535 420
535 419
535 419
535 419
535 420
535 420
535 420
533 423
533 422
533 421
533 421
533 421
533 422
533 422
533 422
531 423
531 423
531 423
531 423
531 423
531 423
531 423
531 432
531 427
533 424
535 423
537 423
537 423
537 423
537 423
537 423
537 423
537 423
536 422
536 422
536 422
536 422
536 421
536 421
536 421
533 421
534 420
534 420
534 420
534 420
534 419
534 419
534 419
533 420
533 419
533 419
533 419
533 420
533 420
533 420
530 424
530 421
531 420
531 420
531 420
531 420
531 419
531 419
531 419
530 420
530 419
530 419
530 419
530 420
530 420
530 420
528 423
528 422
528 421
528 421
528 421
528 422
528 422
528 422
526 423
526 423
526 423
526 423
526 423
526 423
526 423
527 430
526 427
526 424
527 423
527 423
527 423
527 423
527 422
527 422
527 422
526 423
526 422
526 422
526 422
526 423
526 423
526 423
524 426
524 425
524 424
524 424
524 424
524 425
524 425
524 425
522 426
522 426
522 426
522 426
522 426
522 426
522 426
523 430
521 429
521 428
521 427
521 427
521 427
521 428
521 428
521 428
519 429
519 429
519 429
519 429
519 429
519 429
519 429
521 431
519 431
519 431
519 431
519 431
519 431
519 431
519 431
520 432
520 432
520 432
520 432
520 433
520 433
520 433
527 441
525 436
525 431
527 428
529 427
531 427
531 427
531 427
531 427
531 427
531 427
531 427
530 426
530 426
530 426
530 426
530 425
530 425
530 425
527 425
528 424
528 424
528 424
528 424
528 423
528 423
528 423
527 424
527 423
527 423
527 423
527 424
527 424
527 424
524 428
524 425
525 424
525 424
525 424
525 424
525 423
525 423
525 423
524 424
524 423
524 423
524 423
524 424
524 424
524 424
522 427
522 426
522 425
522 425
522 425
522 426
522 426
522 426
520 427
520 427
520 427
520 427
520 427
520 427
520 427
521 434
520 431
520 428
521 427
521 427
521 427
521 427
521 426
521 426
521 426
520 427
520 426
520 426
520 426
520 427
520 427
520 427
518 430
518 429
518 428
518 428
518 428
518 429
518 429
518 429
516 430
516 430
516 430
516 430
516 430
516 430
516 430
517 434
515 433
515 432
515 431
515 431
515 431
515 432
515 432
515 432
513 433
513 433
513 433
513 433
513 433
513 433
513 433
515 435
513 435
513 435
513 435
513 435
513 435
513 435
513 435
514 436
514 436
514 436
514 436
514 437
514 437
514 437
521 441
517 439
516 436
516 433
517 432
517 432
517 432
517 432
517 431
517 431
517 431
516 432
516 431
516 431
516 431
516 432
516 432
516 432
514 435
514 434
514 433
514 433
514 433
514 434
514 434
514 434
512 435
512 435
512 435
512 435
512 435
512 435
512 435
513 439
511 438
511 437
511 436
511 436
511 436
511 437
511 437
511 437
509 438
509 438
509 438
509 438
509 438
509 438
509 438
511 440
509 440
509 440
509 440
509 440
509 440
509 440
509 440
510 441
510 441
510 441
510 441
510 442
510 442
510 442
517 443
513 443
511 442
511 441
511 440
511 440
511 440
511 441
511 441
511 441
509 442
509 442
509 442
509 442
509 442
509 442
509 442
511 444
509 444
509 444
509 444
509 444
509 444
509 444
509 444
510 445
510 445
510 445
510 445
510 446
510 446
510 446
515 446
513 447
511 447
511 447
511 447
511 447
511 447
511 447
511 447
512 448
512 448
512 448
512 448
512 449
512 449
512 449
515 449
514 450
514 450
514 450
514 450
514 451
514 451
514 451
516 450
516 451
516 451
516 451
516 450
516 450
516 450
529 455
526 449
526 442
529 437
533 435
537 435
539 436
540 437
540 438
540 438
540 438
540 437
540 437
540 437
541 436
541 436
541 436
541 436
541 436
541 436
541 436
539 434
541 434
541 434
541 434
541 434
541 434
541 434
541 434
540 433
540 433
540 433
540 433
540 432
540 432
540 432
535 432
537 431
539 431
539 431
539 431
539 431
539 431
539 431
539 431
538 430
538 430
538 430
538 430
538 429
538 429
538 429
535 429
536 428
536 428
536 428
536 428
536 427
536 427
536 427
535 428
535 427
535 427
535 427
535 428
535 428
535 428
529 432
531 429
533 428
535 428
535 428
535 428
535 428
535 428
535 428
535 428
534 427
534 427
534 427
534 427
534 426
534 426
534 426
531 426
532 425
532 425
532 425
532 425
532 424
532 424
532 424
531 425
531 424
531 424
531 424
531 425
531 425
531 425
528 429
528 426
529 425
529 425
529 425
529 425
529 424
529 424
529 424
528 425
528 424
528 424
528 424
528 425
528 425
528 425
526 428
526 427
526 426
526 426
526 426
526 427
526 427
526 427
524 428
524 428
524 428
524 428
524 428
524 428
524 428
524 437
524 432
526 429
528 428
530 428
530 428
530 428
530 428
530 428
530 428
530 428
529 427
529 427
529 427
529 427
529 426
529 426
529 426
526 426
527 425
527 425
527 425
527 425
527 424
527 424
527 424
526 425
526 424
526 424
526 424
526 425
526 425
526 425
523 429
523 426
524 425
524 425
524 425
524 425
524 424
524 424
524 424
523 425
523 424
523 424
523 424
523 425
523 425
523 425
521 428
521 427
521 426
521 426
521 426
521 427
521 427
521 427
519 428
519 428
519 428
519 428
519 428
519 428
519 428
520 435
519 432
519 429
520 428
520 428
520 428
520 428
520 427
520 427
520 427
519 428
519 427
519 427
519 427
519 428
519 428
519 428
517 431
517 430
517 429
517 429
517 429
517 430
517 430
517 430
515 431
515 431
515 431
515 431
515 431
515 431
515 431
516 435
514 434
514 433
514 432
514 432
514 432
514 433
514 433
514 433
512 434
512 434
512 434
512 434
512 434
512 434
512 434
514 436
512 436
512 436
512 436
512 436
512 436
512 436
512 436
513 437
513 437
513 437
513 437
513 438
513 438
513 438
520 446
518 441
518 436
520 433
522 432
524 432
524 432
524 432
524 432
524 432
524 432
524 432
523 431
523 431
523 431
523 431
523 430
523 430
523 430
520 430
521 429
521 429
521 429
521 429
521 428
521 428
521 428
520 429
520 428
520 428
520 428
520 429
520 429
520 429
517 433
517 430
518 429
518 429
518 429
518 429
518 428
518 428
518 428
517 429
517 428
517 428
517 428
517 429
517 429
517 429
515 432
515 431
515 430
515 430
515 430
515 431
515 431
515 431
513 432
513 432
513 432
513 432
513 432
513 432
513 432
514 439
513 436
513 433
514 432
514 432
514 432
514 432
514 431
514 431
514 431
513 432
513 431
513 431
513 431
513 432
513 432
513 432
511 435
511 434
511 433
511 433
511 433
511 434
511 434
511 434
509 435
509 435
509 435
509 435
509 435
509 435
509 435
510 439
508 438
508 437
508 436
508 436
508 436
508 437
508 437
508 437
506 438
506 438
506 438
506 438
506 438
506 438
506 438
508 440
506 440
506 440
506 440
506 440
506 440
506 440
506 440
507 441
507 441
507 441
507 441
507 442
507 442
507 442
514 446
510 444
509 441
509 438
510 437
510 437
510 437
510 437
510 436
510 436
510 436
509 437
509 436
509 436
509 436
509 437
509 437
509 437
507 440
507 439
507 438
507 438
507 438
507 439
507 439
507 439
505 440
505 440
505 440
505 440
505 440
505 440
505 440
506 444
504 443
504 442
504 441
504 441
504 441
504 442
504 442
504 442
502 443
502 443
502 443
502 443
502 443
502 443
502 443
504 445
502 445
502 445
502 445
502 445
502 445
502 445
502 445
503 446
503 446
503 446
503 446
503 447
503 447
503 447
510 448
506 448
504 447
504 446
504 445
504 445
504 445
504 446
504 446
504 446
502 447
502 447
502 447
502 447
502 447
502 447
502 447
504 449
502 449
502 449
502 449
502 449
502 449
502 449
502 449
503 450
503 450
503 450
503 450
503 451
503 451
503 451
508 451
506 452
504 452
504 452
504 452
504 452
504 452
504 452
504 452
505 453
505 453
505 453
505 453
505 454
505 454
505 454
508 454
507 455
507 455
507 455
507 455
507 456
507 456
507 456
509 455
509 456
509 456
509 456
509 455
509 455
509 455
521 455
515 452
513 447
513 442
515 439
517 438
519 438
519 438
519 438
519 438
519 438
519 438
519 438
518 437
518 437
518 437
518 437
518 436
518 436
518 436
515 436
516 435
516 435
516 435
516 435
516 434
516 434
516 434
515 435
515 434
515 434
515 434
515 435
515 435
515 435
512 439
512 436
513 435
513 435
513 435
513 435
513 434
513 434
513 434
512 435
512 434
512 434
512 434
512 435
512 435
512 435
510 438
510 437
510 436
510 436
510 436
510 437
510 437
510 437
508 438
508 438
508 438
508 438
508 438
508 438
508 438
509 445
508 442
508 439
509 438
509 438
509 438
509 438
509 437
509 437
509 437
508 438
508 437
508 437
508 437
508 438
508 438
508 438
506 441
506 440
506 439
506 439
506 439
506 440
506 440
506 440
504 441
504 441
504 441
504 441
504 441
504 441
504 441
505 445
503 444
503 443
503 442
503 442
503 442
503 443
503 443
503 443
501 444
501 444
501 444
501 444
501 444
501 444
501 444
503 446
501 446
501 446
501 446
501 446
501 446
501 446
501 446
502 447
502 447
502 447
502 447
502 448
502 448
502 448
509 452
505 450
504 447
504 444
505 443
505 443
505 443
505 443
505 442
505 442
505 442
504 443
504 442
504 442
504 442
504 443
504 443
504 443
502 446
502 445
502 444
502 444
502 444
502 445
502 445
502 445
500 446
500 446
500 446
500 446
500 446
500 446
500 446
501 450
499 449
499 448
499 447
499 447
499 447
499 448
499 448
499 448
497 449
497 449
497 449
497 449
497 449
497 449
497 449
499 451
497 451
497 451
497 451
497 451
497 451
497 451
497 451
498 452
498 452
498 452
498 452
498 453
498 453
498 453
505 454
501 454
499 453
499 452
499 451
499 451
499 451
499 452
499 452
499 452
497 453
497 453
497 453
497 453
497 453
497 453
497 453
499 455
497 455
497 455
497 455
497 455
497 455
497 455
497 455
498 456
498 456
498 456
498 456
498 457
498 457
498 457
503 457
501 458
499 458
499 458
499 458
499 458
499 458
499 458
499 458
500 459
500 459
500 459
500 459
500 460
500 460
500 460
503 460
502 461
502 461
502 461
502 461
502 462
502 462
502 462
504 461
504 462
504 462
504 462
504 461
504 461
504 461
515 458
509 458
505 456
504 453
504 450
505 449
505 449
505 449
505 449
505 448
505 448
505 448
504 449
504 448
504 448
504 448
504 449
504 449
504 449
502 452
502 451
502 450
502 450
502 450
502 451
502 451
502 451
500 452
500 452
500 452
500 452
500 452
500 452
500 452
501 456
499 455
499 454
499 453
499 453
499 453
499 454
499 454
499 454
497 455
497 455
497 455
497 455
497 455
497 455
497 455
499 457
497 457
497 457
497 457
497 457
497 457
497 457
497 457
498 458
498 458
498 458
498 458
498 459
498 459
498 459
505 460
501 460
499 459
499 458
499 457
499 457
499 457
499 458
499 458
499 458
497 459
497 459
497 459
497 459
497 459
497 459
497 459
499 461
497 461
497 461
497 461
497 461
497 461
497 461
497 461
498 462
498 462
498 462
498 462
498 463
498 463
498 463
503 463
501 464
499 464
499 464
499 464
499 464
499 464
499 464
499 464
500 465
500 465
500 465
500 465
500 466
500 466
500 466
503 466
502 467
502 467
502 467
502 467
502 468
502 468
502 468
504 467
504 468
504 468
504 468
504 467
504 467
504 467
512 463
508 465
504 465
502 464
502 463
502 462
502 462
502 462
502 463
502 463
502 463
500 464
500 464
500 464
500 464
500 464
500 464
500 464
502 466
500 466
500 466
500 466
500 466
500 466
500 466
500 466
501 467
501 467
501 467
501 467
501 468
501 468
501 468
506 468
504 469
502 469
502 469
502 469
502 469
502 469
502 469
502 469
503 470
503 470
503 470
503 470
503 471
503 471
503 471
506 471
505 472
505 472
505 472
505 472
505 473
505 473
505 473
507 472
507 473
507 473
507 473
507 472
507 472
507 472
512 468
510 471
508 472
506 472
506 472
506 472
506 472
506 472
506 472
506 472
507 473
507 473
507 473
507 473
507 474
507 474
507 474
510 474
509 475
509 475
509 475
509 475
509 476
509 476
509 476
511 475
511 476
511 476
511 476
511 475
511 475
511 475
514 471
514 474
513 475
513 475
513 475
513 475
513 476
513 476
513 476
515 475
515 476
515 476
515 476
515 475
515 475
515 475
516 472
517 473
517 474
517 474
517 474
517 473
517 473
517 473
518 472
518 472
518 472
518 472
518 472
518 472
518 472
