540 466
545 457
553 453
562 453
568 456
571 462
571 468
569 472
566 473
563 473
562 472
562 472
562 472
562 472
561 472
561 472
561 472
562 473
561 473
561 473
561 473
562 473
562 473
562 473
565 475
564 475
563 475
563 475
563 475
564 475
564 475
564 475
565 477
565 477
565 477
565 477
565 477
565 477
565 477
569 476
568 478
567 478
566 478
566 478
566 478
567 478
567 478
567 478
568 480
568 480
568 480
568 480
568 480
568 480
568 480
570 478
570 480
570 480
570 480
570 480
570 480
570 480
570 480
571 478
571 478
571 478
571 478
572 478
572 478
572 478
573 472
573 476
572 478
571 478
570 478
570 478
570 478
571 478
571 478
571 478
572 480
572 480
572 480
572 480
572 480
572 480
572 480
574 478
574 480
574 480
574 480
574 480
574 480
574 480
574 480
575 478
575 478
575 478
575 478
576 478
576 478
576 478
576 473
577 475
577 477
577 477
577 477
577 477
577 477
577 477
577 477
578 475
578 475
578 475
578 475
579 475
579 475
579 475
579 473
580 473
580 473
580 473
580 473
581 473
581 473
581 473
580 473
581 473
581 473
581 473
580 473
580 473
580 473
576 464
578 468
578 472
577 474
576 474
575 474
575 474
575 474
576 474
576 474
576 474
577 476
577 476
577 476
577 476
577 476
577 476
577 476
579 474
579 476
579 476
579 476
579 476
579 476
579 476
579 476
580 474
580 474
580 474
580 474
581 474
581 474
581 474
581 469
582 471
582 473
582 473
582 473
582 473
582 473
582 473
582 473
583 471
583 471
583 471
583 471
584 471
584 471
584 471
584 469
585 469
585 469
585 469
585 469
586 469
586 469
586 469
585 469
586 469
586 469
586 469
585 469
585 469
585 469
581 464
584 465
585 467
585 469
585 469
585 469
585 469
585 469
585 469
585 469
586 467
586 467
586 467
586 467
587 467
587 467
587 467
587 465
588 465
588 465
588 465
588 465
589 465
589 465
589 465
588 465
589 465
589 465
589 465
588 465
588 465
588 465
584 463
587 463
588 463
588 463
588 463
588 463
589 463
589 463
589 463
588 463
589 463
589 463
589 463
588 463
588 463
588 463
585 461
586 461
587 461
587 461
587 461
586 461
586 461
586 461
585 459
585 459
585 459
585 459
585 459
585 459
585 459
575 456
580 458
582 462
582 466
581 468
580 468
579 468
579 468
579 468
580 468
580 468
580 468
581 470
581 470
581 470
581 470
581 470
581 470
581 470
583 468
583 470
583 470
583 470
583 470
583 470
583 470
583 470
584 468
584 468
584 468
584 468
585 468
585 468
585 468
585 463
586 465
586 467
586 467
586 467
586 467
586 467
586 467
586 467
587 465
587 465
587 465
587 465
588 465
588 465
588 465
588 463
589 463
589 463
589 463
589 463
590 463
590 463
590 463
589 463
590 463
590 463
590 463
589 463
589 463
589 463
585 458
588 459
589 461
589 463
589 463
589 463
589 463
589 463
589 463
589 463
590 461
590 461
590 461
590 461
591 461
591 461
591 461
591 459
592 459
592 459
592 459
592 459
593 459
593 459
593 459
592 459
593 459
593 459
593 459
592 459
592 459
592 459
588 457
591 457
592 457
592 457
592 457
592 457
593 457
593 457
593 457
592 457
593 457
593 457
593 457
592 457
592 457
592 457
589 455
590 455
591 455
591 455
591 455
590 455
590 455
590 455
589 453
589 453
589 453
589 453
589 453
589 453
589 453
580 454
585 454
588 455
589 457
589 459
589 459
589 459
589 459
589 459
589 459
589 459
590 457
590 457
590 457
590 457
591 457
591 457
591 457
591 455
592 455
592 455
592 455
592 455
593 455
593 455
593 455
592 455
593 455
593 455
593 455
592 455
592 455
592 455
588 453
591 453
592 453
592 453
592 453
592 453
593 453
593 453
593 453
592 453
593 453
593 453
593 453
592 453
592 453
592 453
589 451
590 451
591 451
591 451
591 451
590 451
590 451
590 451
589 449
589 449
589 449
589 449
589 449
589 449
589 449
582 450
585 449
588 449
589 449
589 449
589 449
589 449
590 449
590 449
590 449
589 449
590 449
590 449
590 449
589 449
589 449
589 449
586 447
587 447
588 447
588 447
588 447
587 447
587 447
587 447
586 445
586 445
586 445
586 445
586 445
586 445
586 445
582 446
583 444
584 444
585 444
585 444
585 444
584 444
584 444
584 444
583 442
583 442
583 442
583 442
583 442
583 442
583 442
581 444
581 442
581 442
581 442
581 442
581 442
581 442
581 442
580 444
580 444
580 444
580 444
579 444
579 444
579 444
568 450
575 450
580 452
582 456
582 460
581 462
580 462
579 462
579 462
579 462
580 462
580 462
580 462
581 464
581 464
581 464
581 464
581 464
581 464
581 464
583 462
583 464
583 464
583 464
583 464
583 464
583 464
583 464
584 462
584 462
584 462
584 462
585 462
585 462
585 462
585 457
586 459
586 461
586 461
586 461
586 461
586 461
586 461
586 461
587 459
587 459
587 459
587 459
588 459
588 459
588 459
588 457
589 457
589 457
589 457
589 457
590 457
590 457
590 457
589 457
590 457
590 457
590 457
589 457
589 457
589 457
585 452
588 453
589 455
589 457
589 457
589 457
589 457
589 457
589 457
589 457
590 455
590 455
590 455
590 455
591 455
591 455
591 455
591 453
592 453
592 453
592 453
592 453
593 453
593 453
593 453
592 453
593 453
593 453
593 453
592 453
592 453
592 453
588 451
591 451
592 451
592 451
592 451
592 451
593 451
593 451
593 451
592 451
593 451
593 451
593 451
592 451
592 451
592 451
589 449
590 449
591 449
591 449
591 449
590 449
590 449
590 449
589 447
589 447
589 447
589 447
589 447
589 447
589 447
580 448
585 448
588 449
589 451
589 453
589 453
589 453
589 453
589 453
589 453
589 453
590 451
590 451
590 451
590 451
591 451
591 451
591 451
591 449
592 449
592 449
592 449
592 449
593 449
593 449
593 449
592 449
593 449
593 449
593 449
592 449
592 449
592 449
588 447
591 447
592 447
592 447
592 447
592 447
593 447
593 447
593 447
592 447
593 447
593 447
593 447
592 447
592 447
592 447
589 445
590 445
591 445
591 445
591 445
590 445
590 445
590 445
589 443
589 443
589 443
589 443
589 443
589 443
589 443
582 444
585 443
588 443
589 443
589 443
589 443
589 443
590 443
590 443
590 443
589 443
590 443
590 443
590 443
589 443
589 443
589 443
586 441
587 441
588 441
588 441
588 441
587 441
587 441
587 441
586 439
586 439
586 439
586 439
586 439
586 439
586 439
582 440
583 438
584 438
585 438
585 438
585 438
584 438
584 438
584 438
583 436
583 436
583 436
583 436
583 436
583 436
583 436
581 438
581 436
581 436
581 436
581 436
581 436
581 436
581 436
580 438
580 438
580 438
580 438
579 438
579 438
579 438
571 444
576 442
581 442
584 443
585 445
585 447
585 447
585 447
585 447
585 447
585 447
585 447
586 445
586 445
586 445
586 445
587 445
587 445
587 445
587 443
588 443
588 443
588 443
588 443
589 443
589 443
589 443
588 443
589 443
589 443
589 443
588 443
588 443
588 443
584 441
587 441
588 441
588 441
588 441
588 441
589 441
589 441
589 441
588 441
589 441
589 441
589 441
588 441
588 441
588 441
585 439
586 439
587 439
587 439
587 439
586 439
586 439
586 439
585 437
585 437
585 437
585 437
585 437
585 437
585 437
578 438
581 437
584 437
585 437
585 437
585 437
585 437
586 437
586 437
586 437
585 437
586 437
586 437
586 437
585 437
585 437
585 437
582 435
583 435
584 435
584 435
584 435
583 435
583 435
583 435
582 433
582 433
582 433
582 433
582 433
582 433
582 433
578 434
579 432
580 432
581 432
581 432
581 432
580 432
580 432
580 432
579 430
579 430
579 430
579 430
579 430
579 430
579 430
577 432
577 430
577 430
577 430
577 430
577 430
577 430
577 430
576 432
576 432
576 432
576 432
575 432
575 432
575 432
571 438
573 434
576 433
579 433
580 433
580 433
580 433
580 433
581 433
581 433
581 433
580 433
581 433
581 433
581 433
580 433
580 433
580 433
577 431
578 431
579 431
579 431
579 431
578 431
578 431
578 431
577 429
577 429
577 429
577 429
577 429
577 429
577 429
573 430
574 428
575 428
576 428
576 428
576 428
575 428
575 428
575 428
574 426
574 426
574 426
574 426
574 426
574 426
574 426
572 428
572 426
572 426
572 426
572 426
572 426
572 426
572 426
571 428
571 428
571 428
571 428
570 428
570 428
570 428
569 434
569 430
570 428
571 428
572 428
572 428
572 428
571 428
571 428
571 428
570 426
570 426
570 426
570 426
570 426
570 426
570 426
568 428
568 426
568 426
568 426
568 426
568 426
568 426
568 426
567 428
567 428
567 428
567 428
566 428
566 428
566 428
566 433
565 431
565 429
565 429
565 429
565 429
565 429
565 429
565 429
564 431
564 431
564 431
564 431
563 431
563 431
563 431
563 433
562 433
562 433
562 433
562 433
561 433
561 433
561 433
562 434
561 434
561 434
561 434
562 434
562 434
562 434
557 446
563 443
570 443
575 445
577 449
577 453
576 455
575 455
574 455
574 455
574 455
575 455
575 455
575 455
576 457
576 457
576 457
576 457
576 457
576 457
576 457
578 455
578 457
578 457
578 457
578 457
578 457
578 457
578 457
579 455
579 455
579 455
579 455
580 455
580 455
580 455
580 450
581 452
581 454
581 454
581 454
581 454
581 454
581 454
581 454
582 452
582 452
582 452
582 452
583 452
583 452
583 452
583 450
584 450
584 450
584 450
584 450
585 450
585 450
585 450
584 450
585 450
585 450
585 450
584 450
584 450
584 450
580 445
583 446
584 448
584 450
584 450
584 450
584 450
584 450
584 450
584 450
585 448
585 448
585 448
585 448
586 448
586 448
586 448
586 446
587 446
587 446
587 446
587 446
588 446
588 446
588 446
587 446
588 446
588 446
588 446
587 446
587 446
587 446
583 444
586 444
587 444
587 444
587 444
587 444
588 444
588 444
588 444
587 444
588 444
588 444
588 444
587 444
587 444
587 444
584 442
585 442
586 442
586 442
586 442
585 442
585 442
585 442
584 440
584 440
584 440
584 440
584 440
584 440
584 440
575 441
580 441
583 442
584 444
584 446
584 446
584 446
584 446
584 446
584 446
584 446
585 444
585 444
585 444
585 444
586 444
586 444
586 444
586 442
587 442
587 442
587 442
587 442
588 442
588 442
588 442
587 442
588 442
588 442
588 442
587 442
587 442
587 442
583 440
586 440
587 440
587 440
587 440
587 440
588 440
588 440
588 440
587 440
588 440
588 440
588 440
587 440
587 440
587 440
584 438
585 438
586 438
586 438
586 438
585 438
585 438
585 438
584 436
584 436
584 436
584 436
584 436
584 436
584 436
577 437
580 436
583 436
584 436
584 436
584 436
584 436
585 436
585 436
585 436
584 436
585 436
585 436
585 436
584 436
584 436
584 436
581 434
582 434
583 434
583 434
583 434
582 434
582 434
582 434
581 432
581 432
581 432
581 432
581 432
581 432
581 432
577 433
578 431
579 431
580 431
580 431
580 431
579 431
579 431
579 431
578 429
578 429
578 429
578 429
578 429
578 429
578 429
576 431
576 429
576 429
576 429
576 429
576 429
576 429
576 429
575 431
575 431
575 431
575 431
574 431
574 431
574 431
566 437
571 435
576 435
579 436
580 438
580 440
580 440
580 440
580 440
580 440
580 440
580 440
581 438
581 438
581 438
581 438
582 438
582 438
582 438
582 436
583 436
583 436
583 436
583 436
584 436
584 436
584 436
583 436
584 436
584 436
584 436
583 436
583 436
583 436
579 434
582 434
583 434
583 434
583 434
583 434
584 434
584 434
584 434
583 434
584 434
584 434
584 434
583 434
583 434
583 434
580 432
581 432
582 432
582 432
582 432
581 432
581 432
581 432
580 430
580 430
580 430
580 430
580 430
580 430
580 430
573 431
576 430
579 430
580 430
580 430
580 430
580 430
581 430
581 430
581 430
580 430
581 430
581 430
581 430
580 430
580 430
580 430
577 428
578 428
579 428
579 428
579 428
578 428
578 428
578 428
577 426
577 426
577 426
577 426
577 426
577 426
577 426
573 427
574 425
575 425
576 425
576 425
576 425
575 425
575 425
575 425
574 423
574 423
574 423
574 423
574 423
574 423
574 423
572 425
572 423
572 423
572 423
572 423
572 423
572 423
572 423
571 425
571 425
571 425
571 425
570 425
570 425
570 425
566 431
568 427
571 426
574 426
575 426
575 426
575 426
575 426
576 426
576 426
576 426
575 426
576 426
576 426
576 426
575 426
575 426
575 426
572 424
573 424
574 424
574 424
574 424
573 424
573 424
573 424
572 422
572 422
572 422
572 422
572 422
572 422
572 422
568 423
569 421
570 421
571 421
571 421
571 421
570 421
570 421
570 421
569 419
569 419
569 419
569 419
569 419
569 419
569 419
567 421
567 419
567 419
567 419
567 419
567 419
567 419
567 419
566 421
566 421
566 421
566 421
565 421
565 421
565 421
564 427
564 423
565 421
566 421
567 421
567 421
567 421
566 421
566 421
566 421
565 419
565 419
565 419
565 419
565 419
565 419
565 419
563 421
563 419
563 419
563 419
563 419
563 419
563 419
563 419
562 421
562 421
562 421
562 421
561 421
561 421
561 421
561 426
560 424
560 422
560 422
560 422
560 422
560 422
560 422
560 422
559 424
559 424
559 424
559 424
558 424
558 424
558 424
558 426
557 426
557 426
557 426
557 426
556 426
556 426
556 426
557 427
556 427
556 427
556 427
557 427
557 427
557 427
557 438
560 432
565 430
570 430
573 431
574 433
574 435
574 435
574 435
574 435
574 435
574 435
574 435
575 433
575 433
575 433
575 433
576 433
576 433
576 433
576 431
577 431
577 431
577 431
577 431
578 431
578 431
578 431
577 431
578 431
578 431
578 431
577 431
577 431
577 431
573 429
576 429
577 429
577 429
577 429
577 429
578 429
578 429
578 429
577 429
578 429
578 429
578 429
577 429
577 429
577 429
574 427
575 427
576 427
576 427
576 427
575 427
575 427
575 427
574 425
574 425
574 425
574 425
574 425
574 425
574 425
567 426
570 425
573 425
574 425
574 425
574 425
574 425
575 425
575 425
575 425
574 425
575 425
575 425
575 425
574 425
574 425
574 425
571 423
572 423
573 423
573 423
573 423
572 423
572 423
572 423
571 421
571 421
571 421
571 421
571 421
571 421
571 421
567 422
568 420
569 420
570 420
570 420
570 420
569 420
569 420
569 420
568 418
568 418
568 418
568 418
568 418
568 418
568 418
566 420
566 418
566 418
566 418
566 418
566 418
566 418
566 418
565 420
565 420
565 420
565 420
564 420
564 420
564 420
560 426
562 422
565 421
568 421
569 421
569 421
569 421
569 421
570 421
570 421
570 421
569 421
570 421
570 421
570 421
569 421
569 421
569 421
566 419
567 419
568 419
568 419
568 419
567 419
567 419
567 419
566 417
566 417
566 417
566 417
566 417
566 417
566 417
562 418
563 416
564 416
565 416
565 416
565 416
564 416
564 416
564 416
563 414
563 414
563 414
563 414
563 414
563 414
563 414
561 416
561 414
561 414
561 414
561 414
561 414
561 414
561 414
560 416
560 416
560 416
560 416
559 416
559 416
559 416
558 422
558 418
559 416
560 416
561 416
561 416
561 416
560 416
560 416
560 416
559 414
559 414
559 414
559 414
559 414
559 414
559 414
557 416
557 414
557 414
557 414
557 414
557 414
557 414
557 414
556 416
556 416
556 416
556 416
555 416
555 416
555 416
555 421
554 419
554 417
554 417
554 417
554 417
554 417
554 417
554 417
553 419
553 419
553 419
553 419
552 419
552 419
552 419
552 421
551 421
551 421
551 421
551 421
550 421
550 421
550 421
551 422
550 422
550 422
550 422
551 422
551 422
551 422
554 432
554 426
556 422
559 421
562 421
563 421
563 421
563 421
563 421
564 421
564 421
564 421
563 421
564 421
564 421
564 421
563 421
563 421
563 421
560 419
561 419
562 419
562 419
562 419
561 419
561 419
561 419
560 417
560 417
560 417
560 417
560 417
560 417
560 417
556 418
557 416
558 416
559 416
559 416
559 416
558 416
558 416
558 416
557 414
557 414
557 414
557 414
557 414
557 414
557 414
555 416
555 414
555 414
555 414
555 414
555 414
555 414
555 414
554 416
554 416
554 416
554 416
553 416
553 416
553 416
552 422
552 418
553 416
554 416
555 416
555 416
555 416
554 416
554 416
554 416
553 414
553 414
553 414
553 414
553 414
553 414
553 414
551 416
551 414
551 414
551 414
551 414
551 414
551 414
551 414
550 416
550 416
550 416
550 416
549 416
549 416
549 416
549 421
548 419
548 417
548 417
548 417
548 417
548 417
548 417
548 417
547 419
547 419
547 419
547 419
546 419
546 419
546 419
546 421
545 421
545 421
545 421
545 421
544 421
544 421
544 421
545 422
544 422
544 422
544 422
545 422
545 422
545 422
549 430
547 426
547 422
548 420
549 420
550 420
550 420
550 420
549 420
549 420
549 420
548 418
548 418
548 418
548 418
548 418
548 418
548 418
546 420
546 418
546 418
546 418
546 418
546 418
546 418
546 418
545 420
545 420
545 420
545 420
544 420
544 420
544 420
544 425
543 423
543 421
543 421
543 421
543 421
543 421
543 421
543 421
542 423
542 423
542 423
542 423
541 423
541 423
541 423
541 425
540 425
540 425
540 425
540 425
539 425
539 425
539 425
540 426
539 426
539 426
539 426
540 426
540 426
540 426
544 430
541 429
540 427
540 425
540 425
540 425
540 425
540 425
540 425
540 425
539 427
539 427
539 427
539 427
538 427
538 427
538 427
538 429
537 429
537 429
537 429
537 429
536 429
536 429
536 429
537 430
536 430
536 430
536 430
537 430
537 430
537 430
541 432
538 432
537 432
537 432
537 432
537 432
536 432
536 432
536 432
537 433
536 433
536 433
536 433
537 433
537 433
537 433
540 434
539 435
538 435
538 435
538 435
539 435
539 435
539 435
540 436
540 436
540 436
540 436
540 436
540 436
540 436
545 447
549 440
555 437
562 437
567 439
569 443
569 447
568 449
567 449
566 449
566 449
566 449
567 449
567 449
567 449
568 451
568 451
568 451
568 451
568 451
568 451
568 451
570 449
570 451
570 451
570 451
570 451
570 451
570 451
570 451
571 449
571 449
571 449
571 449
572 449
572 449
572 449
572 444
573 446
573 448
573 448
573 448
573 448
573 448
573 448
573 448
574 446
574 446
574 446
574 446
575 446
575 446
575 446
575 444
576 444
576 444
576 444
576 444
577 444
577 444
577 444
576 444
577 444
577 444
577 444
576 444
576 444
576 444
572 439
575 440
576 442
576 444
576 444
576 444
576 444
576 444
576 444
576 444
577 442
577 442
577 442
577 442
578 442
578 442
578 442
578 440
579 440
579 440
579 440
579 440
580 440
580 440
580 440
579 440
580 440
580 440
580 440
579 440
579 440
579 440
575 438
578 438
579 438
579 438
579 438
579 438
580 438
580 438
580 438
579 438
580 438
580 438
580 438
579 438
579 438
579 438
576 436
577 436
578 436
578 436
578 436
577 436
577 436
577 436
576 434
576 434
576 434
576 434
576 434
576 434
576 434
567 435
572 435
575 436
576 438
576 440
576 440
576 440
576 440
576 440
576 440
576 440
577 438
577 438
577 438
577 438
578 438
578 438
578 438
578 436
579 436
579 436
579 436
579 436
580 436
580 436
580 436
579 436
580 436
580 436
580 436
579 436
579 436
579 436
575 434
578 434
579 434
579 434
579 434
579 434
580 434
580 434
580 434
579 434
580 434
580 434
580 434
579 434
579 434
579 434
576 432
577 432
578 432
578 432
578 432
577 432
577 432
577 432
576 430
576 430
576 430
576 430
576 430
576 430
576 430
569 431
572 430
575 430
576 430
576 430
576 430
576 430
577 430
577 430
577 430
576 430
577 430
577 430
577 430
576 430
576 430
576 430
573 428
574 428
575 428
575 428
575 428
574 428
574 428
574 428
573 426
573 426
573 426
573 426
573 426
573 426
573 426
569 427
570 425
571 425
572 425
572 425
572 425
571 425
571 425
571 425
570 423
570 423
570 423
570 423
570 423
570 423
570 423
568 425
568 423
568 423
568 423
568 423
568 423
568 423
568 423
567 425
567 425
567 425
567 425
566 425
566 425
566 425
558 431
563 429
568 429
571 430
572 432
572 434
572 434
572 434
572 434
572 434
572 434
572 434
573 432
573 432
573 432
573 432
574 432
574 432
574 432
574 430
575 430
575 430
575 430
575 430
576 430
576 430
576 430
575 430
576 430
576 430
576 430
575 430
575 430
575 430
571 428
574 428
575 428
575 428
575 428
575 428
576 428
576 428
576 428
575 428
576 428
576 428
576 428
575 428
575 428
575 428
572 426
573 426
574 426
574 426
574 426
573 426
573 426
573 426
572 424
572 424
572 424
572 424
572 424
572 424
572 424
565 425
568 424
571 424
572 424
572 424
572 424
572 424
573 424
573 424
573 424
572 424
573 424
573 424
573 424
572 424
572 424
572 424
569 422
570 422
571 422
571 422
571 422
570 422
570 422
570 422
569 420
569 420
569 420
569 420
569 420
569 420
569 420
565 421
566 419
567 419
568 419
568 419
568 419
567 419
567 419
567 419
566 417
566 417
566 417
566 417
566 417
566 417
566 417
564 419
564 417
564 417
564 417
564 417
564 417
564 417
564 417
563 419
563 419
563 419
563 419
562 419
562 419
562 419
558 425
560 421
563 420
566 420
567 420
567 420
567 420
567 420
568 420
568 420
568 420
567 420
568 420
568 420
568 420
567 420
567 420
567 420
564 418
565 418
566 418
566 418
566 418
565 418
565 418
565 418
564 416
564 416
564 416
564 416
564 416
564 416
564 416
560 417
561 415
562 415
563 415
563 415
563 415
562 415
562 415
562 415
561 413
561 413
561 413
561 413
561 413
561 413
561 413
559 415
559 413
559 413
559 413
559 413
559 413
559 413
559 413
558 415
558 415
558 415
558 415
557 415
557 415
557 415
556 421
556 417
557 415
558 415
559 415
559 415
559 415
558 415
558 415
558 415
557 413
557 413
557 413
557 413
557 413
557 413
557 413
555 415
555 413
555 413
555 413
555 413
555 413
555 413
555 413
554 415
554 415
554 415
554 415
553 415
553 415
553 415
553 420
552 418
552 416
552 416
552 416
552 416
552 416
552 416
552 416
551 418
551 418
551 418
551 418
550 418
550 418
550 418
550 420
549 420
549 420
549 420
549 420
548 420
548 420
548 420
549 421
548 421
548 421
548 421
549 421
549 421
549 421
549 432
552 426
557 424
562 424
565 425
566 427
566 429
566 429
566 429
566 429
566 429
566 429
566 429
567 427
567 427
567 427
567 427
568 427
568 427
568 427
568 425
569 425
569 425
569 425
569 425
570 425
570 425
570 425
569 425
570 425
570 425
570 425
569 425
569 425
569 425
565 423
568 423
569 423
569 423
569 423
569 423
570 423
570 423
570 423
569 423
570 423
570 423
570 423
569 423
569 423
569 423
566 421
567 421
568 421
568 421
568 421
567 421
567 421
567 421
566 419
566 419
566 419
566 419
566 419
566 419
566 419
559 420
562 419
565 419
566 419
566 419
566 419
566 419
567 419
567 419
567 419
566 419
567 419
567 419
567 419
566 419
566 419
566 419
563 417
564 417
565 417
565 417
565 417
564 417
564 417
564 417
563 415
563 415
563 415
563 415
563 415
563 415
563 415
559 416
560 414
561 414
562 414
562 414
562 414
561 414
561 414
561 414
560 412
560 412
560 412
560 412
560 412
560 412
560 412
558 414
558 412
558 412
558 412
558 412
558 412
558 412
558 412
557 414
557 414
557 414
557 414
556 414
556 414
556 414
552 420
554 416
557 415
560 415
561 415
561 415
561 415
561 415
562 415
562 415
562 415
561 415
562 415
562 415
562 415
561 415
561 415
561 415
558 413
559 413
560 413
560 413
560 413
559 413
559 413
559 413
558 411
558 411
558 411
558 411
558 411
558 411
558 411
554 412
555 410
556 410
557 410
557 410
557 410
556 410
556 410
556 410
555 408
555 408
555 408
555 408
555 408
555 408
555 408
553 410
553 408
553 408
553 408
553 408
553 408
553 408
553 408
552 410
552 410
552 410
552 410
551 410
551 410
551 410
550 416
550 412
551 410
552 410
553 410
553 410
553 410
552 410
552 410
552 410
551 408
551 408
551 408
551 408
551 408
551 408
551 408
549 410
549 408
549 408
549 408
549 408
549 408
549 408
549 408
548 410
548 410
548 410
548 410
547 410
547 410
547 410
547 415
546 413
546 411
546 411
546 411
546 411
546 411
546 411
546 411
545 413
545 413
545 413
545 413
544 413
544 413
544 413
544 415
543 415
543 415
543 415
543 415
542 415
542 415
542 415
543 416
542 416
542 416
542 416
543 416
543 416
543 416
546 426
546 420
548 416
551 415
554 415
555 415
555 415
555 415
555 415
556 415
556 415
556 415
555 415
556 415
556 415
556 415
555 415
555 415
555 415
552 413
553 413
554 413
554 413
554 413
553 413
553 413
553 413
552 411
552 411
552 411
552 411
552 411
552 411
552 411
548 412
549 410
550 410
551 410
551 410
551 410
550 410
550 410
550 410
549 408
549 408
549 408
549 408
549 408
549 408
549 408
547 410
547 408
547 408
547 408
547 408
547 408
547 408
547 408
546 410
546 410
546 410
546 410
545 410
545 410
545 410
544 416
544 412
545 410
546 410
547 410
547 410
547 410
546 410
546 410
546 410
545 408
545 408
545 408
545 408
545 408
545 408
545 408
543 410
543 408
543 408
543 408
543 408
543 408
543 408
543 408
542 410
542 410
542 410
542 410
541 410
541 410
541 410
541 415
540 413
540 411
540 411
540 411
540 411
540 411
540 411
540 411
539 413
539 413
539 413
539 413
538 413
538 413
538 413
538 415
537 415
537 415
537 415
537 415
536 415
536 415
536 415
537 416
536 416
536 416
536 416
537 416
537 416
537 416
541 424
539 420
539 416
540 414
541 414
542 414
542 414
542 414
541 414
541 414
541 414
540 412
540 412
540 412
540 412
540 412
540 412
540 412
538 414
538 412
538 412
538 412
538 412
538 412
538 412
538 412
537 414
537 414
537 414
537 414
536 414
536 414
536 414
536 419
535 417
535 415
535 415
535 415
535 415
535 415
535 415
535 415
534 417
534 417
534 417
534 417
533 417
533 417
533 417
533 419
532 419
532 419
532 419
532 419
531 419
531 419
531 419
532 420
531 420
531 420
531 420
532 420
532 420
532 420
536 424
533 423
532 421
532 419
532 419
532 419
532 419
532 419
532 419
532 419
531 421
531 421
531 421
531 421
530 421
530 421
530 421
530 423
529 423
529 423
529 423
529 423
528 423
528 423
528 423
529 424
528 424
528 424
528 424
529 424
529 424
529 424
533 426
530 426
529 426
529 426
529 426
529 426
528 426
528 426
528 426
529 427
528 427
528 427
528 427
529 427
529 427
529 427
532 428
531 429
530 429
530 429
530 429
531 429
531 429
531 429
532 430
532 430
532 430
532 430
532 430
532 430
532 430
541 440
541 432
544 426
549 424
554 424
557 425
558 427
558 429
558 429
558 429
558 429
558 429
558 429
558 429
559 427
559 427
559 427
559 427
560 427
560 427
560 427
560 425
561 425
561 425
561 425
561 425
562 425
562 425
562 425
561 425
562 425
562 425
562 425
561 425
561 425
561 425
557 423
560 423
561 423
561 423
561 423
561 423
562 423
562 423
562 423
561 423
562 423
562 423
562 423
561 423
561 423
561 423
558 421
559 421
560 421
560 421
560 421
559 421
559 421
559 421
558 419
558 419
558 419
558 419
558 419
558 419
558 419
551 420
554 419
557 419
558 419
558 419
558 419
558 419
559 419
559 419
559 419
558 419
559 419
559 419
559 419
558 419
558 419
558 419
555 417
556 417
557 417
557 417
557 417
556 417
556 417
556 417
555 415
555 415
555 415
555 415
555 415
555 415
555 415
551 416
552 414
553 414
554 414
554 414
554 414
553 414
553 414
553 414
552 412
552 412
552 412
552 412
552 412
552 412
552 412
550 414
550 412
550 412
550 412
550 412
550 412
550 412
550 412
549 414
549 414
549 414
549 414
548 414
548 414
548 414
544 420
546 416
549 415
552 415
553 415
553 415
553 415
553 415
554 415
554 415
554 415
553 415
554 415
554 415
554 415
553 415
553 415
553 415
550 413
551 413
552 413
552 413
552 413
551 413
551 413
551 413
550 411
550 411
550 411
550 411
550 411
550 411
550 411
546 412
547 410
548 410
549 410
549 410
549 410
548 410
548 410
548 410
547 408
547 408
547 408
547 408
547 408
547 408
547 408
545 410
545 408
545 408
545 408
545 408
545 408
545 408
545 408
544 410
544 410
544 410
544 410
543 410
543 410
543 410
542 416
542 412
543 410
544 410
545 410
545 410
545 410
544 410
544 410
544 410
543 408
543 408
543 408
543 408
543 408
543 408
543 408
541 410
541 408
541 408
541 408
541 408
541 408
541 408
541 408
540 410
540 410
540 410
540 410
539 410
539 410
539 410
539 415
538 413
538 411
538 411
538 411
538 411
538 411
538 411
538 411
537 413
537 413
537 413
537 413
536 413
536 413
536 413
536 415
535 415
535 415
535 415
535 415
534 415
534 415
534 415
535 416
534 416
534 416
534 416
535 416
535 416
535 416
538 426
538 420
540 416
543 415
546 415
547 415
547 415
547 415
547 415
548 415
548 415
548 415
547 415
548 415
548 415
548 415
547 415
547 415
547 415
544 413
545 413
546 413
546 413
546 413
545 413
545 413
545 413
544 411
544 411
544 411
544 411
544 411
544 411
544 411
540 412
541 410
542 410
543 410
543 410
543 410
542 410
542 410
542 410
541 408
541 408
541 408
541 408
541 408
541 408
541 408
539 410
539 408
539 408
539 408
539 408
539 408
539 408
539 408
538 410
538 410
538 410
538 410
537 410
537 410
537 410
536 416
536 412
537 410
538 410
539 410
539 410
539 410
538 410
538 410
538 410
537 408
537 408
537 408
537 408
537 408
537 408
537 408
535 410
535 408
535 408
535 408
535 408
535 408
535 408
535 408
534 410
534 410
534 410
534 410
533 410
533 410
533 410
533 415
532 413
532 411
532 411
532 411
532 411
532 411
532 411
532 411
531 413
531 413
531 413
531 413
530 413
530 413
530 413
530 415
529 415
529 415
529 415
529 415
528 415
528 415
528 415
529 416
528 416
528 416
528 416
529 416
529 416
529 416
533 424
531 420
531 416
532 414
533 414
534 414
534 414
534 414
533 414
533 414
533 414
532 412
532 412
532 412
532 412
532 412
532 412
532 412
530 414
530 412
530 412
530 412
530 412
530 412
530 412
530 412
529 414
529 414
529 414
529 414
528 414
528 414
528 414
528 419
527 417
527 415
527 415
527 415
527 415
527 415
527 415
527 415
526 417
526 417
526 417
526 417
525 417
525 417
525 417
525 419
524 419
524 419
524 419
524 419
523 419
523 419
523 419
524 420
523 420
523 420
523 420
524 420
524 420
524 420
528 424
525 423
524 421
524 419
524 419
524 419
524 419
524 419
524 419
524 419
523 421
523 421
523 421
523 421
522 421
522 421
522 421
522 423
521 423
521 423
521 423
521 423
520 423
520 423
520 423
521 424
520 424
520 424
520 424
521 424
521 424
521 424
525 426
522 426
521 426
521 426
521 426
521 426
520 426
520 426
520 426
521 427
520 427
520 427
520 427
521 427
521 427
521 427
524 428
523 429
522 429
522 429
522 429
523 429
523 429
523 429
524 430
524 430
524 430
524 430
524 430
524 430
524 430
535 437
532 431
532 425
534 421
537 420
540 420
541 420
541 420
541 420
541 420
542 420
542 420
542 420
541 420
542 420
542 420
542 420
541 420
541 420
541 420
538 418
539 418
540 418
540 418
540 418
539 418
539 418
539 418
538 416
538 416
538 416
538 416
538 416
538 416
538 416
534 417
535 415
536 415
537 415
537 415
537 415
536 415
536 415
536 415
535 413
535 413
535 413
535 413
535 413
535 413
535 413
533 415
533 413
533 413
533 413
533 413
533 413
533 413
533 413
532 415
532 415
532 415
532 415
531 415
531 415
531 415
530 421
530 417
531 415
532 415
533 415
533 415
533 415
532 415
532 415
532 415
531 413
531 413
531 413
531 413
531 413
531 413
531 413
529 415
529 413
529 413
529 413
529 413
529 413
529 413
529 413
528 415
528 415
528 415
528 415
527 415
527 415
527 415
527 420
526 418
526 416
526 416
526 416
526 416
526 416
526 416
526 416
525 418
525 418
525 418
525 418
524 418
524 418
524 418
524 420
523 420
523 420
523 420
523 420
522 420
522 420
522 420
523 421
522 421
522 421
522 421
523 421
523 421
523 421
527 429
525 425
525 421
526 419
527 419
528 419
528 419
528 419
527 419
527 419
527 419
526 417
526 417
526 417
526 417
526 417
526 417
526 417
524 419
524 417
524 417
524 417
524 417
524 417
524 417
524 417
523 419
523 419
523 419
523 419
522 419
522 419
522 419
522 424
521 422
521 420
521 420
521 420
521 420
521 420
521 420
521 420
520 422
520 422
520 422
520 422
519 422
519 422
519 422
519 424
518 424
518 424
518 424
518 424
517 424
517 424
517 424
518 425
517 425
517 425
517 425
518 425
518 425
518 425
522 429
519 428
518 426
518 424
518 424
518 424
518 424
518 424
518 424
518 424
517 426
517 426
517 426
517 426
516 426
516 426
516 426
516 428
515 428
515 428
515 428
515 428
514 428
514 428
514 428
515 429
514 429
514 429
514 429
515 429
515 429
515 429
519 431
516 431
515 431
515 431
515 431
515 431
514 431
514 431
514 431
515 432
514 432
514 432
514 432
515 432
515 432
515 432
518 433
517 434
516 434
516 434
516 434
517 434
517 434
517 434
518 435
518 435
518 435
518 435
518 435
518 435
518 435
528 437
523 435
521 431
521 427
522 425
523 425
524 425
524 425
524 425
523 425
523 425
523 425
522 423
522 423
522 423
522 423
522 423
522 423
522 423
520 425
520 423
520 423
520 423
520 423
520 423
520 423
520 423
519 425
519 425
519 425
519 425
518 425
518 425
518 425
518 430
517 428
517 426
517 426
517 426
517 426
517 426
517 426
517 426
516 428
516 428
516 428
516 428
515 428
515 428
515 428
515 430
514 430
514 430
514 430
514 430
513 430
513 430
513 430
514 431
513 431
513 431
513 431
514 431
514 431
514 431
518 435
515 434
514 432
514 430
514 430
514 430
514 430
514 430
514 430
514 430
513 432
513 432
513 432
513 432
512 432
512 432
512 432
512 434
511 434
511 434
511 434
511 434
510 434
510 434
510 434
511 435
510 435
510 435
510 435
511 435
511 435
511 435
515 437
512 437
511 437
511 437
511 437
511 437
510 437
510 437
510 437
511 438
510 438
510 438
510 438
511 438
511 438
511 438
514 439
513 440
512 440
512 440
512 440
513 440
513 440
513 440
514 441
514 441
514 441
514 441
514 441
514 441
514 441
523 440
518 440
515 439
514 437
514 435
514 435
514 435
514 435
514 435
514 435
514 435
513 437
513 437
513 437
513 437
512 437
512 437
512 437
512 439
511 439
511 439
511 439
511 439
510 439
510 439
510 439
511 440
510 440
510 440
510 440
511 440
511 440
511 440
515 442
512 442
511 442
511 442
511 442
511 442
510 442
510 442
510 442
511 443
510 443
510 443
510 443
511 443
511 443
511 443
514 444
513 445
512 445
512 445
512 445
513 445
513 445
513 445
514 446
514 446
514 446
514 446
514 446
514 446
514 446
521 444
518 446
515 446
514 446
514 446
514 446
514 446
513 446
513 446
513 446
514 447
513 447
513 447
513 447
514 447
514 447
514 447
517 448
516 449
515 449
515 449
515 449
516 449
516 449
516 449
517 450
517 450
517 450
517 450
517 450
517 450
517 450
521 448
520 450
519 451
518 451
518 451
518 451
519 451
519 451
519 451
520 452
520 452
520 452
520 452
520 452
520 452
520 452
522 450
522 452
522 452
522 452
522 452
522 452
522 452
522 452
523 451
523 451
523 451
523 451
524 451
524 451
524 451
535 457
535 447
539 440
545 437
552 437
557 439
559 443
559 447
558 449
557 449
556 449
556 449
556 449
557 449
557 449
557 449
558 451
558 451
558 451
558 451
558 451
558 451
558 451
560 449
560 451
560 451
560 451
560 451
560 451
560 451
560 451
561 449
561 449
561 449
561 449
562 449
562 449
562 449
562 444
563 446
563 448
563 448
563 448
563 448
563 448
563 448
563 448
564 446
564 446
564 446
564 446
565 446
565 446
565 446
565 444
566 444
566 444
566 444
566 444
567 444
567 444
567 444
566 444
567 444
567 444
567 444
566 444
566 444
566 444
562 439
565 440
566 442
566 444
566 444
566 444
566 444
566 444
566 444
566 444
567 442
567 442
567 442
567 442
568 442
568 442
568 442
568 440
569 440
569 440
569 440
569 440
570 440
570 440
570 440
569 440
570 440
570 440
570 440
569 440
569 440
569 440
565 438
568 438
569 438
569 438
569 438
569 438
570 438
570 438
570 438
569 438
570 438
570 438
570 438
569 438
569 438
569 438
566 436
567 436
568 436
568 436
568 436
567 436
567 436
567 436
566 434
566 434
566 434
566 434
566 434
566 434
566 434
557 435
562 435
565 436
566 438
566 440
566 440
566 440
566 440
566 440
566 440
566 440
567 438
567 438
567 438
567 438
568 438
568 438
568 438
568 436
569 436
569 436
569 436
569 436
570 436
570 436
570 436
569 436
570 436
570 436
570 436
569 436
569 436
569 436
565 434
568 434
569 434
569 434
569 434
569 434
570 434
570 434
570 434
569 434
570 434
570 434
570 434
569 434
569 434
569 434
566 432
567 432
568 432
568 432
568 432
567 432
567 432
567 432
566 430
566 430
566 430
566 430
566 430
566 430
566 430
559 431
562 430
565 430
566 430
566 430
566 430
566 430
567 430
567 430
567 430
566 430
567 430
567 430
567 430
566 430
566 430
566 430
563 428
564 428
565 428
565 428
565 428
564 428
564 428
564 428
563 426
563 426
563 426
563 426
563 426
563 426
563 426
559 427
560 425
561 425
562 425
562 425
562 425
561 425
561 425
561 425
560 423
560 423
560 423
560 423
560 423
560 423
560 423
558 425
558 423
558 423
558 423
558 423
558 423
558 423
558 423
557 425
557 425
557 425
557 425
556 425
556 425
556 425
548 431
553 429
558 429
561 430
562 432
562 434
562 434
562 434
562 434
562 434
562 434
562 434
563 432
563 432
563 432
563 432
564 432
564 432
564 432
564 430
565 430
565 430
565 430
565 430
566 430
566 430
566 430
565 430
566 430
566 430
566 430
565 430
565 430
565 430
561 428
564 428
565 428
565 428
565 428
565 428
566 428
566 428
566 428
565 428
566 428
566 428
566 428
565 428
565 428
565 428
562 426
563 426
564 426
564 426
564 426
563 426
563 426
563 426
562 424
562 424
562 424
562 424
562 424
562 424
562 424
555 425
558 424
561 424
562 424
562 424
562 424
562 424
563 424
563 424
563 424
562 424
563 424
563 424
563 424
562 424
562 424
562 424
559 422
560 422
561 422
561 422
561 422
560 422
560 422
560 422
559 420
559 420
559 420
559 420
559 420
559 420
559 420
555 421
556 419
557 419
558 419
558 419
558 419
557 419
557 419
557 419
556 417
556 417
556 417
556 417
556 417
556 417
556 417
554 419
554 417
554 417
554 417
554 417
554 417
554 417
554 417
553 419
553 419
553 419
553 419
552 419
552 419
552 419
548 425
550 421
553 420
556 420
557 420
557 420
557 420
557 420
558 420
558 420
558 420
557 420
558 420
558 420
558 420
557 420
557 420
557 420
554 418
555 418
556 418
556 418
556 418
555 418
555 418
555 418
554 416
554 416
554 416
554 416
554 416
554 416
554 416
550 417
551 415
552 415
553 415
553 415
553 415
552 415
552 415
552 415
551 413
551 413
551 413
551 413
551 413
551 413
551 413
549 415
549 413
549 413
549 413
549 413
549 413
549 413
549 413
548 415
548 415
548 415
548 415
547 415
547 415
547 415
546 421
546 417
547 415
548 415
549 415
549 415
549 415
548 415
548 415
548 415
547 413
547 413
547 413
547 413
547 413
547 413
547 413
545 415
545 413
545 413
545 413
545 413
545 413
545 413
545 413
544 415
544 415
544 415
544 415
543 415
543 415
543 415
543 420
542 418
542 416
542 416
542 416
542 416
542 416
542 416
542 416
541 418
541 418
541 418
541 418
540 418
540 418
540 418
540 420
539 420
539 420
539 420
539 420
538 420
538 420
538 420
539 421
538 421
538 421
538 421
539 421
539 421
539 421
539 432
542 426
547 424
552 424
555 425
556 427
556 429
556 429
556 429
556 429
556 429
556 429
556 429
557 427
557 427
557 427
557 427
558 427
558 427
558 427
558 425
559 425
559 425
559 425
559 425
560 425
560 425
560 425
559 425
560 425
560 425
560 425
559 425
559 425
559 425
555 423
558 423
559 423
559 423
559 423
559 423
560 423
560 423
560 423
559 423
560 423
560 423
560 423
559 423
559 423
559 423
556 421
557 421
558 421
558 421
558 421
557 421
557 421
557 421
556 419
556 419
556 419
556 419
556 419
556 419
556 419
549 420
552 419
555 419
556 419
556 419
556 419
556 419
557 419
557 419
557 419
556 419
557 419
557 419
557 419
556 419
556 419
556 419
553 417
554 417
555 417
555 417
555 417
554 417
554 417
554 417
553 415
553 415
553 415
553 415
553 415
553 415
553 415
549 416
550 414
551 414
552 414
552 414
552 414
551 414
551 414
551 414
550 412
550 412
550 412
550 412
550 412
550 412
550 412
548 414
548 412
548 412
548 412
548 412
548 412
548 412
548 412
547 414
547 414
547 414
547 414
546 414
546 414
546 414
542 420
544 416
547 415
550 415
551 415
551 415
551 415
551 415
552 415
552 415
552 415
551 415
552 415
552 415
552 415
551 415
551 415
551 415
548 413
549 413
550 413
550 413
550 413
549 413
549 413
549 413
548 411
548 411
548 411
548 411
548 411
548 411
548 411
544 412
545 410
546 410
547 410
547 410
547 410
546 410
546 410
546 410
545 408
545 408
545 408
545 408
545 408
545 408
545 408
543 410
543 408
543 408
543 408
543 408
543 408
543 408
543 408
542 410
542 410
542 410
542 410
541 410
541 410
541 410
540 416
540 412
541 410
542 410
543 410
543 410
543 410
542 410
542 410
542 410
541 408
541 408
541 408
541 408
541 408
541 408
541 408
539 410
539 408
539 408
539 408
539 408
539 408
539 408
539 408
538 410
538 410
538 410
538 410
537 410
537 410
537 410
537 415
536 413
536 411
536 411
536 411
536 411
536 411
536 411
536 411
535 413
535 413
535 413
535 413
534 413
534 413
534 413
534 415
533 415
533 415
533 415
533 415
532 415
532 415
532 415
533 416
532 416
532 416
532 416
533 416
533 416
533 416
536 426
536 420
538 416
541 415
544 415
545 415
545 415
545 415
545 415
546 415
546 415
546 415
545 415
546 415
546 415
546 415
545 415
545 415
545 415
542 413
543 413
544 413
544 413
544 413
543 413
543 413
543 413
542 411
542 411
542 411
542 411
542 411
542 411
542 411
538 412
539 410
540 410
541 410
541 410
541 410
540 410
540 410
540 410
539 408
539 408
539 408
539 408
539 408
539 408
539 408
537 410
537 408
537 408
537 408
537 408
537 408
537 408
537 408
536 410
536 410
536 410
536 410
535 410
535 410
535 410
534 416
534 412
535 410
536 410
537 410
537 410
537 410
536 410
536 410
536 410
535 408
535 408
535 408
535 408
535 408
535 408
535 408
533 410
533 408
533 408
533 408
533 408
533 408
533 408
533 408
532 410
532 410
532 410
532 410
531 410
531 410
531 410
531 415
530 413
530 411
530 411
530 411
530 411
530 411
530 411
530 411
529 413
529 413
529 413
529 413
528 413
528 413
528 413
528 415
527 415
527 415
527 415
527 415
526 415
526 415
526 415
527 416
526 416
526 416
526 416
527 416
527 416
527 416
531 424
529 420
529 416
530 414
531 414
532 414
532 414
532 414
531 414
531 414
531 414
530 412
530 412
530 412
530 412
530 412
530 412
530 412
528 414
528 412
528 412
528 412
528 412
528 412
528 412
528 412
527 414
527 414
527 414
527 414
526 414
526 414
526 414
526 419
525 417
525 415
525 415
525 415
525 415
525 415
525 415
525 415
524 417
524 417
524 417
524 417
523 417
523 417
523 417
523 419
522 419
522 419
522 419
522 419
521 419
521 419
521 419
522 420
521 420
521 420
521 420
522 420
522 420
522 420
526 424
523 423
522 421
522 419
522 419
522 419
522 419
522 419
522 419
522 419
521 421
521 421
521 421
521 421
520 421
520 421
520 421
520 423
519 423
519 423
519 423
519 423
518 423
518 423
518 423
519 424
518 424
518 424
518 424
519 424
519 424
519 424
523 426
520 426
519 426
519 426
519 426
519 426
518 426
518 426
518 426
519 427
518 427
518 427
518 427
519 427
519 427
519 427
522 428
521 429
520 429
520 429
520 429
521 429
521 429
521 429
522 430
522 430
522 430
522 430
522 430
522 430
522 430
531 440
531 432
534 426
539 424
544 424
547 425
548 427
548 429
548 429
548 429
548 429
548 429
548 429
548 429
549 427
549 427
549 427
549 427
550 427
550 427
550 427
550 425
551 425
551 425
551 425
551 425
552 425
552 425
552 425
551 425
552 425
552 425
552 425
551 425
551 425
551 425
547 423
550 423
551 423
551 423
551 423
551 423
552 423
552 423
552 423
551 423
552 423
552 423
552 423
551 423
551 423
551 423
548 421
549 421
550 421
550 421
550 421
549 421
549 421
549 421
548 419
548 419
548 419
548 419
548 419
548 419
548 419
541 420
544 419
547 419
548 419
548 419
548 419
548 419
549 419
549 419
549 419
548 419
549 419
549 419
549 419
548 419
548 419
548 419
545 417
546 417
547 417
547 417
547 417
546 417
546 417
546 417
545 415
545 415
545 415
545 415
545 415
545 415
545 415
541 416
542 414
543 414
544 414
544 414
544 414
543 414
543 414
543 414
542 412
542 412
542 412
542 412
542 412
542 412
542 412
540 414
540 412
540 412
540 412
540 412
540 412
540 412
540 412
539 414
539 414
539 414
539 414
538 414
538 414
538 414
534 420
536 416
539 415
542 415
543 415
543 415
543 415
543 415
544 415
544 415
544 415
543 415
544 415
544 415
544 415
543 415
543 415
543 415
540 413
541 413
542 413
542 413
542 413
541 413
541 413
541 413
540 411
540 411
540 411
540 411
540 411
540 411
540 411
536 412
537 410
538 410
539 410
539 410
539 410
538 410
538 410
538 410
537 408
537 408
537 408
537 408
537 408
537 408
537 408
535 410
535 408
535 408
535 408
535 408
535 408
535 408
535 408
534 410
534 410
534 410
534 410
533 410
533 410
533 410
532 416
532 412
533 410
534 410
535 410
535 410
535 410
534 410
534 410
534 410
533 408
533 408
533 408
533 408
533 408
533 408
533 408
531 410
531 408
531 408
531 408
531 408
531 408
531 408
531 408
530 410
530 410
530 410
530 410
529 410
529 410
529 410
529 415
528 413
528 411
528 411
528 411
528 411
528 411
528 411
528 411
527 413
527 413
527 413
527 413
526 413
526 413
526 413
526 415
525 415
525 415
525 415
525 415
524 415
524 415
524 415
525 416
524 416
524 416
524 416
525 416
525 416
525 416
528 426
528 420
530 416
533 415
536 415
537 415
537 415
537 415
537 415
538 415
538 415
538 415
537 415
538 415
538 415
538 415
537 415
537 415
537 415
534 413
535 413
536 413
536 413
536 413
535 413
535 413
535 413
534 411
534 411
534 411
534 411
534 411
534 411
534 411
530 412
531 410
532 410
533 410
533 410
533 410
532 410
532 410
532 410
531 408
531 408
531 408
531 408
531 408
531 408
531 408
529 410
529 408
529 408
529 408
529 408
529 408
529 408
529 408
528 410
528 410
528 410
528 410
527 410
527 410
527 410
526 416
526 412
527 410
528 410
529 410
529 410
529 410
528 410
528 410
528 410
527 408
527 408
527 408
527 408
527 408
527 408
527 408
525 410
525 408
525 408
525 408
525 408
525 408
525 408
525 408
524 410
524 410
524 410
524 410
523 410
523 410
523 410
523 415
522 413
522 411
522 411
522 411
522 411
522 411
522 411
522 411
521 413
521 413
521 413
521 413
520 413
520 413
520 413
520 415
519 415
519 415
519 415
519 415
518 415
518 415
518 415
519 416
518 416
518 416
518 416
519 416
519 416
519 416
523 424
521 420
521 416
522 414
523 414
524 414
524 414
524 414
523 414
523 414
523 414
522 412
522 412
522 412
522 412
522 412
522 412
522 412
520 414
520 412
520 412
520 412
520 412
520 412
520 412
520 412
519 414
519 414
519 414
519 414
518 414
518 414
518 414
518 419
517 417
517 415
517 415
517 415
517 415
517 415
517 415
517 415
516 417
516 417
516 417
516 417
515 417
515 417
515 417
515 419
514 419
514 419
514 419
514 419
513 419
513 419
513 419
514 420
513 420
513 420
513 420
514 420
514 420
514 420
518 424
515 423
514 421
514 419
514 419
514 419
514 419
514 419
514 419
514 419
513 421
513 421
513 421
513 421
512 421
512 421
512 421
512 423
511 423
511 423
511 423
511 423
510 423
510 423
510 423
511 424
510 424
510 424
510 424
511 424
511 424
511 424
515 426
512 426
511 426
511 426
511 426
511 426
510 426
510 426
510 426
511 427
510 427
510 427
510 427
511 427
511 427
511 427
514 428
513 429
512 429
512 429
512 429
513 429
513 429
513 429
514 430
514 430
514 430
514 430
514 430
514 430
514 430
525 437
522 431
522 425
524 421
527 420
530 420
531 420
531 420
531 420
531 420
532 420
532 420
532 420
531 420
532 420
532 420
532 420
531 420
531 420
531 420
528 418
529 418
530 418
530 418
530 418
529 418
529 418
529 418
528 416
528 416
528 416
528 416
528 416
528 416
528 416
524 417
525 415
526 415
527 415
527 415
527 415
526 415
526 415
526 415
525 413
525 413
525 413
525 413
525 413
525 413
525 413
523 415
523 413
523 413
523 413
523 413
523 413
523 413
523 413
522 415
522 415
522 415
522 415
521 415
521 415
521 415
520 421
520 417
521 415
522 415
523 415
523 415
523 415
522 415
522 415
522 415
521 413
521 413
521 413
521 413
521 413
521 413
521 413
519 415
519 413
519 413
519 413
519 413
519 413
519 413
519 413
518 415
518 415
518 415
518 415
517 415
517 415
517 415
517 420
516 418
516 416
516 416
516 416
516 416
516 416
516 416
516 416
515 418
515 418
515 418
515 418
514 418
514 418
514 418
514 420
513 420
513 420
513 420
513 420
512 420
512 420
512 420
513 421
512 421
512 421
512 421
513 421
513 421
513 421
517 429
515 425
515 421
516 419
517 419
518 419
518 419
518 419
517 419
517 419
517 419
516 417
516 417
516 417
516 417
516 417
516 417
516 417
514 419
514 417
514 417
514 417
514 417
514 417
514 417
514 417
513 419
513 419
513 419
513 419
512 419
512 419
512 419
512 424
511 422
511 420
511 420
511 420
511 420
511 420
511 420
511 420
510 422
510 422
510 422
510 422
509 422
509 422
509 422
509 424
508 424
508 424
508 424
508 424
507 424
507 424
507 424
508 425
507 425
507 425
507 425
508 425
508 425
508 425
512 429
509 428
508 426
508 424
508 424
508 424
508 424
508 424
508 424
508 424
507 426
507 426
507 426
507 426
506 426
506 426
506 426
506 428
505 428
505 428
505 428
505 428
504 428
504 428
504 428
505 429
504 429
504 429
504 429
505 429
505 429
505 429
509 431
506 431
505 431
505 431
505 431
505 431
504 431
504 431
504 431
505 432
504 432
504 432
504 432
505 432
505 432
505 432
508 433
507 434
506 434
506 434
506 434
507 434
507 434
507 434
508 435
508 435
508 435
508 435
508 435
508 435
508 435
518 437
513 435
511 431
511 427
512 425
513 425
514 425
514 425
514 425
513 425
513 425
513 425
512 423
512 423
512 423
512 423
512 423
512 423
512 423
510 425
510 423
510 423
510 423
510 423
510 423
510 423
510 423
509 425
509 425
509 425
509 425
508 425
508 425
508 425
508 430
507 428
507 426
507 426
507 426
507 426
507 426
507 426
507 426
506 428
506 428
506 428
506 428
505 428
505 428
505 428
505 430
504 430
504 430
504 430
504 430
503 430
503 430
503 430
504 431
503 431
503 431
503 431
504 431
504 431
504 431
508 435
505 434
504 432
504 430
504 430
504 430
504 430
504 430
504 430
504 430
503 432
503 432
503 432
503 432
502 432
502 432
502 432
502 434
501 434
501 434
501 434
501 434
500 434
500 434
500 434
501 435
500 435
500 435
500 435
501 435
501 435
501 435
505 437
502 437
501 437
501 437
501 437
501 437
500 437
500 437
500 437
501 438
500 438
500 438
500 438
501 438
501 438
501 438
504 439
503 440
502 440
502 440
502 440
503 440
503 440
503 440
504 441
504 441
504 441
504 441
504 441
504 441
504 441
513 440
508 440
505 439
504 437
504 435
504 435
504 435
504 435
504 435
504 435
504 435
503 437
503 437
503 437
503 437
502 437
502 437
502 437
502 439
501 439
501 439
501 439
501 439
500 439
500 439
500 439
501 440
500 440
500 440
500 440
501 440
501 440
501 440
505 442
502 442
501 442
501 442
501 442
501 442
500 442
500 442
500 442
501 443
500 443
500 443
500 443
501 443
501 443
501 443
504 444
503 445
502 445
502 445
502 445
503 445
503 445
503 445
504 446
504 446
504 446
504 446
504 446
504 446
504 446
511 444
508 446
505 446
504 446
504 446
504 446
504 446
503 446
503 446
503 446
504 447
503 447
503 447
503 447
504 447
504 447
504 447
507 448
506 449
505 449
505 449
505 449
506 449
506 449
506 449
507 450
507 450
507 450
507 450
507 450
507 450
507 450
511 448
510 450
509 451
508 451
508 451
508 451
509 451
509 451
509 451
510 452
510 452
510 452
510 452
510 452
510 452
510 452
512 450
512 452
512 452
512 452
512 452
512 452
512 452
512 452
513 451
513 451
513 451
513 451
514 451
514 451
514 451
527 453
523 446
523 438
526 432
531 430
536 430
539 431
540 433
540 435
540 435
540 435
540 435
540 435
540 435
540 435
541 433
541 433
541 433
541 433
542 433
542 433
542 433
542 431
543 431
543 431
543 431
543 431
544 431
544 431
544 431
543 431
544 431
544 431
544 431
543 431
543 431
543 431
539 429
542 429
543 429
543 429
543 429
543 429
544 429
544 429
544 429
543 429
544 429
544 429
544 429
543 429
543 429
543 429
540 427
541 427
542 427
542 427
542 427
541 427
541 427
541 427
540 425
540 425
540 425
540 425
540 425
540 425
540 425
533 426
536 425
539 425
540 425
540 425
540 425
540 425
541 425
541 425
541 425
540 425
541 425
541 425
541 425
540 425
540 425
540 425
537 423
538 423
539 423
539 423
539 423
538 423
538 423
538 423
537 421
537 421
537 421
537 421
537 421
537 421
537 421
533 422
534 420
535 420
536 420
536 420
536 420
535 420
535 420
535 420
534 418
534 418
534 418
534 418
534 418
534 418
534 418
532 420
532 418
532 418
532 418
532 418
532 418
532 418
532 418
531 420
531 420
531 420
531 420
530 420
530 420
530 420
526 426
528 422
531 421
534 421
535 421
535 421
535 421
535 421
536 421
536 421
536 421
535 421
536 421
536 421
536 421
535 421
535 421
535 421
532 419
533 419
534 419
534 419
534 419
533 419
533 419
533 419
532 417
532 417
532 417
532 417
532 417
532 417
532 417
528 418
529 416
530 416
531 416
531 416
531 416
530 416
530 416
530 416
529 414
529 414
529 414
529 414
529 414
529 414
529 414
527 416
527 414
527 414
527 414
527 414
527 414
527 414
527 414
526 416
526 416
526 416
526 416
525 416
525 416
525 416
524 422
524 418
525 416
526 416
527 416
527 416
527 416
526 416
526 416
526 416
525 414
525 414
525 414
525 414
525 414
525 414
525 414
523 416
523 414
523 414
523 414
523 414
523 414
523 414
523 414
522 416
522 416
522 416
522 416
521 416
521 416
521 416
521 421
520 419
520 417
520 417
520 417
520 417
520 417
520 417
520 417
519 419
519 419
519 419
519 419
518 419
518 419
518 419
518 421
517 421
517 421
517 421
517 421
516 421
516 421
516 421
517 422
516 422
516 422
516 422
517 422
517 422
517 422
520 432
520 426
522 422
525 421
528 421
529 421
529 421
529 421
529 421
530 421
530 421
530 421
529 421
530 421
530 421
530 421
529 421
529 421
529 421
526 419
527 419
528 419
528 419
528 419
527 419
527 419
527 419
526 417
526 417
526 417
526 417
526 417
526 417
526 417
522 418
523 416
524 416
525 416
525 416
525 416
524 416
524 416
524 416
523 414
523 414
523 414
523 414
523 414
523 414
523 414
521 416
521 414
521 414
521 414
521 414
521 414
521 414
521 414
520 416
520 416
520 416
520 416
519 416
519 416
519 416
518 422
518 418
519 416
520 416
521 416
521 416
521 416
520 416
520 416
520 416
519 414
519 414
519 414
519 414
519 414
519 414
519 414
517 416
517 414
517 414
517 414
517 414
517 414
517 414
517 414
516 416
516 416
516 416
516 416
515 416
515 416
515 416
515 421
514 419
514 417
514 417
514 417
514 417
514 417
514 417
514 417
513 419
513 419
513 419
513 419
512 419
512 419
512 419
512 421
511 421
511 421
511 421
511 421
510 421
510 421
510 421
511 422
510 422
510 422
510 422
511 422
511 422
511 422
515 430
513 426
513 422
514 420
515 420
516 420
516 420
516 420
515 420
515 420
515 420
514 418
514 418
514 418
514 418
514 418
514 418
514 418
512 420
512 418
512 418
512 418
512 418
512 418
512 418
512 418
511 420
511 420
511 420
511 420
510 420
510 420
510 420
510 425
509 423
509 421
509 421
509 421
509 421
509 421
509 421
509 421
508 423
508 423
508 423
508 423
507 423
507 423
507 423
507 425
506 425
506 425
506 425
506 425
505 425
505 425
505 425
506 426
505 426
505 426
505 426
506 426
506 426
506 426
510 430
507 429
506 427
506 425
506 425
506 425
506 425
506 425
506 425
506 425
505 427
505 427
505 427
505 427
504 427
504 427
504 427
504 429
503 429
503 429
503 429
503 429
502 429
502 429
502 429
503 430
502 430
502 430
502 430
503 430
503 430
503 430
507 432
504 432
503 432
503 432
503 432
503 432
502 432
502 432
502 432
503 433
502 433
502 433
502 433
503 433
503 433
503 433
506 434
505 435
504 435
504 435
504 435
505 435
505 435
505 435
506 436
506 436
506 436
506 436
506 436
506 436
506 436
517 443
514 437
514 431
516 427
519 426
522 426
523 426
523 426
523 426
523 426
524 426
524 426
524 426
523 426
524 426
524 426
524 426
523 426
523 426
523 426
520 424
521 424
522 424
522 424
522 424
521 424
521 424
521 424
520 422
520 422
520 422
520 422
520 422
520 422
520 422
516 423
517 421
518 421
519 421
519 421
519 421
518 421
518 421
518 421
517 419
517 419
517 419
517 419
517 419
517 419
517 419
515 421
515 419
515 419
515 419
515 419
515 419
515 419
515 419
514 421
514 421
514 421
514 421
513 421
513 421
513 421
512 427
512 423
513 421
514 421
515 421
515 421
515 421
514 421
514 421
514 421
513 419
513 419
513 419
513 419
513 419
513 419
513 419
511 421
511 419
511 419
511 419
511 419
511 419
511 419
511 419
510 421
510 421
510 421
510 421
509 421
509 421
509 421
509 426
508 424
508 422
508 422
508 422
508 422
508 422
508 422
508 422
507 424
507 424
507 424
507 424
506 424
506 424
506 424
506 426
505 426
505 426
505 426
505 426
504 426
504 426
504 426
505 427
504 427
504 427
504 427
505 427
505 427
505 427
509 435
507 431
507 427
508 425
509 425
510 425
510 425
510 425
509 425
509 425
509 425
508 423
508 423
508 423
508 423
508 423
508 423
508 423
506 425
506 423
506 423
506 423
506 423
506 423
506 423
506 423
505 425
505 425
505 425
505 425
504 425
504 425
504 425
504 430
503 428
503 426
503 426
503 426
503 426
503 426
503 426
503 426
502 428
502 428
502 428
502 428
501 428
501 428
501 428
501 430
500 430
500 430
500 430
500 430
499 430
499 430
499 430
500 431
499 431
499 431
499 431
500 431
500 431
500 431
504 435
501 434
500 432
500 430
500 430
500 430
500 430
500 430
500 430
500 430
499 432
499 432
499 432
499 432
498 432
498 432
498 432
498 434
497 434
497 434
497 434
497 434
496 434
496 434
496 434
497 435
496 435
496 435
496 435
497 435
497 435
497 435
501 437
498 437
497 437
497 437
497 437
497 437
496 437
496 437
496 437
497 438
496 438
496 438
496 438
497 438
497 438
497 438
500 439
499 440
498 440
498 440
498 440
499 440
499 440
499 440
500 441
500 441
500 441
500 441
500 441
500 441
500 441
510 443
505 441
503 437
503 433
504 431
505 431
506 431
506 431
506 431
505 431
505 431
505 431
504 429
504 429
504 429
504 429
504 429
504 429
504 429
502 431
502 429
502 429
502 429
502 429
502 429
502 429
502 429
501 431
501 431
501 431
501 431
500 431
500 431
500 431
500 436
499 434
499 432
499 432
499 432
499 432
499 432
499 432
499 432
498 434
498 434
498 434
498 434
497 434
497 434
497 434
497 436
496 436
496 436
496 436
496 436
495 436
495 436
495 436
496 437
495 437
495 437
495 437
496 437
496 437
496 437
500 441
497 440
496 438
496 436
496 436
496 436
496 436
496 436
496 436
496 436
495 438
495 438
495 438
495 438
494 438
494 438
494 438
494 440
493 440
493 440
493 440
493 440
492 440
492 440
492 440
493 441
492 441
492 441
492 441
493 441
493 441
493 441
497 443
494 443
493 443
493 443
493 443
493 443
492 443
492 443
492 443
493 444
492 444
492 444
492 444
493 444
493 444
493 444
496 445
495 446
494 446
494 446
494 446
495 446
495 446
495 446
496 447
496 447
496 447
496 447
496 447
496 447
496 447
505 446
500 446
497 445
496 443
496 441
496 441
496 441
496 441
496 441
496 441
496 441
495 443
495 443
495 443
495 443
494 443
494 443
494 443
494 445
493 445
493 445
493 445
493 445
492 445
492 445
492 445
493 446
492 446
492 446
492 446
493 446
493 446
493 446
497 448
494 448
493 448
493 448
493 448
493 448
492 448
492 448
492 448
493 449
492 449
492 449
492 449
493 449
493 449
493 449
496 450
495 451
494 451
494 451
494 451
495 451
495 451
495 451
496 452
496 452
496 452
496 452
496 452
496 452
496 452
503 450
500 452
497 452
496 452
496 452
496 452
496 452
495 452
495 452
495 452
496 453
495 453
495 453
495 453
496 453
496 453
496 453
499 454
498 455
497 455
497 455
497 455
498 455
498 455
498 455
499 456
499 456
499 456
499 456
499 456
499 456
499 456
503 454
502 456
501 457
500 457
500 457
500 457
501 457
501 457
501 457
502 458
502 458
502 458
502 458
502 458
502 458
502 458
504 456
504 458
504 458
504 458
504 458
504 458
504 458
504 458
505 457
505 457
505 457
505 457
506 457
506 457
506 457
518 453
512 450
509 444
509 438
511 434
514 433
517 433
518 433
518 433
518 433
518 433
519 433
519 433
519 433
518 433
519 433
519 433
519 433
518 433
518 433
518 433
515 431
516 431
517 431
517 431
517 431
516 431
516 431
516 431
515 429
515 429
515 429
515 429
515 429
515 429
515 429
511 430
512 428
513 428
514 428
514 428
514 428
513 428
513 428
513 428
512 426
512 426
512 426
512 426
512 426
512 426
512 426
510 428
510 426
510 426
510 426
510 426
510 426
510 426
510 426
509 428
509 428
509 428
509 428
508 428
508 428
508 428
507 434
507 430
508 428
509 428
510 428
510 428
510 428
509 428
509 428
509 428
508 426
508 426
508 426
508 426
508 426
508 426
508 426
506 428
506 426
506 426
506 426
506 426
506 426
506 426
506 426
505 428
505 428
505 428
505 428
504 428
504 428
504 428
504 433
503 431
503 429
503 429
503 429
503 429
503 429
503 429
503 429
502 431
502 431
502 431
502 431
501 431
501 431
501 431
501 433
500 433
500 433
500 433
500 433
499 433
499 433
499 433
500 434
499 434
499 434
499 434
500 434
500 434
500 434
504 442
502 438
502 434
503 432
504 432
505 432
505 432
505 432
504 432
504 432
504 432
503 430
503 430
503 430
503 430
503 430
503 430
503 430
501 432
501 430
501 430
501 430
501 430
501 430
501 430
501 430
500 432
500 432
500 432
500 432
499 432
499 432
499 432
499 437
498 435
498 433
498 433
498 433
498 433
498 433
498 433
498 433
497 435
497 435
497 435
497 435
496 435
496 435
496 435
496 437
495 437
495 437
495 437
495 437
494 437
494 437
494 437
495 438
494 438
494 438
494 438
495 438
495 438
495 438
499 442
496 441
495 439
495 437
495 437
495 437
495 437
495 437
495 437
495 437
494 439
494 439
494 439
494 439
493 439
493 439
493 439
493 441
492 441
492 441
492 441
492 441
491 441
491 441
491 441
492 442
491 442
491 442
491 442
492 442
492 442
492 442
496 444
493 444
492 444
492 444
492 444
492 444
491 444
491 444
491 444
492 445
491 445
491 445
491 445
492 445
492 445
492 445
495 446
494 447
493 447
493 447
493 447
494 447
494 447
494 447
495 448
495 448
495 448
495 448
495 448
495 448
495 448
505 450
500 448
498 444
498 440
499 438
500 438
501 438
501 438
501 438
500 438
500 438
500 438
499 436
499 436
499 436
499 436
499 436
499 436
499 436
497 438
497 436
497 436
497 436
497 436
497 436
497 436
497 436
496 438
496 438
496 438
496 438
495 438
495 438
495 438
495 443
494 441
494 439
494 439
494 439
494 439
494 439
494 439
494 439
493 441
493 441
493 441
493 441
492 441
492 441
492 441
492 443
491 443
491 443
491 443
491 443
490 443
490 443
490 443
491 444
490 444
490 444
490 444
491 444
491 444
491 444
495 448
492 447
491 445
491 443
491 443
491 443
491 443
491 443
491 443
491 443
490 445
490 445
490 445
490 445
489 445
489 445
489 445
489 447
488 447
488 447
488 447
488 447
487 447
487 447
487 447
488 448
487 448
487 448
487 448
488 448
488 448
488 448
492 450
489 450
488 450
488 450
488 450
488 450
487 450
487 450
487 450
488 451
487 451
487 451
487 451
488 451
488 451
488 451
491 452
490 453
489 453
489 453
489 453
490 453
490 453
490 453
491 454
491 454
491 454
491 454
491 454
491 454
491 454
500 453
495 453
492 452
491 450
491 448
491 448
491 448
491 448
491 448
491 448
491 448
490 450
490 450
490 450
490 450
489 450
489 450
489 450
489 452
488 452
488 452
488 452
488 452
487 452
487 452
487 452
488 453
487 453
487 453
487 453
488 453
488 453
488 453
492 455
489 455
488 455
488 455
488 455
488 455
487 455
487 455
487 455
488 456
487 456
487 456
487 456
488 456
488 456
488 456
491 457
490 458
489 458
489 458
489 458
490 458
490 458
490 458
491 459
491 459
491 459
491 459
491 459
491 459
491 459
498 457
495 459
492 459
491 459
491 459
491 459
491 459
490 459
490 459
490 459
491 460
490 460
490 460
490 460
491 460
491 460
491 460
494 461
493 462
492 462
492 462
492 462
493 462
493 462
493 462
494 463
494 463
494 463
494 463
494 463
494 463
494 463
498 461
497 463
496 464
495 464
495 464
495 464
496 464
496 464
496 464
497 465
497 465
497 465
497 465
497 465
497 465
497 465
499 463
499 465
499 465
499 465
499 465
499 465
499 465
499 465
500 464
500 464
500 464
500 464
501 464
501 464
501 464
512 457
505 457
500 455
498 451
498 447
499 445
500 445
501 445
501 445
501 445
500 445
500 445
500 445
499 443
499 443
499 443
499 443
499 443
499 443
499 443
497 445
497 443
497 443
497 443
497 443
497 443
497 443
497 443
496 445
496 445
496 445
496 445
495 445
495 445
495 445
495 450
494 448
494 446
494 446
494 446
494 446
494 446
494 446
494 446
493 448
493 448
493 448
493 448
492 448
492 448
492 448
492 450
491 450
491 450
491 450
491 450
490 450
490 450
490 450
491 451
490 451
490 451
490 451
491 451
491 451
491 451
495 455
492 454
491 452
491 450
491 450
491 450
491 450
491 450
491 450
491 450
490 452
490 452
490 452
490 452
489 452
489 452
489 452
489 454
488 454
488 454
488 454
488 454
487 454
487 454
487 454
488 455
487 455
487 455
487 455
488 455
488 455
488 455
492 457
489 457
488 457
488 457
488 457
488 457
487 457
487 457
487 457
488 458
487 458
487 458
487 458
488 458
488 458
488 458
491 459
490 460
489 460
489 460
489 460
490 460
490 460
490 460
491 461
491 461
491 461
491 461
491 461
491 461
491 461
500 460
495 460
492 459
491 457
491 455
491 455
491 455
491 455
491 455
491 455
491 455
490 457
490 457
490 457
490 457
489 457
489 457
489 457
489 459
488 459
488 459
488 459
488 459
487 459
487 459
487 459
488 460
487 460
487 460
487 460
488 460
488 460
488 460
492 462
489 462
488 462
488 462
488 462
488 462
487 462
487 462
487 462
488 463
487 463
487 463
487 463
488 463
488 463
488 463
491 464
490 465
489 465
489 465
489 465
490 465
490 465
490 465
491 466
491 466
491 466
491 466
491 466
491 466
491 466
498 464
495 466
492 466
491 466
491 466
491 466
491 466
490 466
490 466
490 466
491 467
490 467
490 467
490 467
491 467
491 467
491 467
494 468
493 469
492 469
492 469
492 469
493 469
493 469
493 469
494 470
494 470
494 470
494 470
494 470
494 470
494 470
498 468
497 470
496 471
495 471
495 471
495 471
496 471
496 471
496 471
497 472
497 472
497 472
497 472
497 472
497 472
497 472
499 470
499 472
499 472
499 472
499 472
499 472
499 472
499 472
500 471
500 471
500 471
500 471
501 471
501 471
501 471
509 463
504 466
499 466
496 465
495 463
495 461
495 461
495 461
495 461
495 461
495 461
495 461
494 463
494 463
494 463
494 463
493 463
493 463
493 463
493 465
492 465
492 465
492 465
492 465
491 465
491 465
491 465
492 466
491 466
491 466
491 466
492 466
492 466
492 466
496 468
493 468
492 468
492 468
492 468
492 468
491 468
491 468
491 468
492 469
491 469
491 469
491 469
492 469
492 469
492 469
495 470
494 471
493 471
493 471
493 471
494 471
494 471
494 471
495 472
495 472
495 472
495 472
495 472
495 472
495 472
502 470
499 472
496 472
495 472
495 472
495 472
495 472
494 472
494 472
494 472
495 473
494 473
494 473
494 473
495 473
495 473
495 473
498 474
497 475
496 475
496 475
496 475
497 475
497 475
497 475
498 476
498 476
498 476
498 476
498 476
498 476
498 476
502 474
501 476
500 477
499 477
499 477
499 477
500 477
500 477
500 477
501 478
501 478
501 478
501 478
501 478
501 478
501 478
503 476
503 478
503 478
503 478
503 478
503 478
503 478
503 478
504 477
504 477
504 477
504 477
505 477
505 477
505 477
509 469
507 473
504 475
501 475
500 475
500 475
500 475
500 475
499 475
499 475
499 475
500 476
499 476
499 476
499 476
500 476
500 476
500 476
503 477
502 478
501 478
501 478
501 478
502 478
502 478
502 478
503 479
503 479
503 479
503 479
503 479
503 479
503 479
507 477
506 479
505 480
504 480
504 480
504 480
505 480
505 480
505 480
506 481
506 481
506 481
506 481
506 481
506 481
506 481
508 479
508 481
508 481
508 481
508 481
508 481
508 481
508 481
509 480
509 480
509 480
509 480
510 480
510 480
510 480
511 473
511 477
510 479
509 480
508 480
508 480
508 480
509 480
509 480
509 480
510 481
510 481
510 481
510 481
510 481
510 481
510 481
512 479
512 481
512 481
512 481
512 481
512 481
512 481
512 481
513 480
513 480
513 480
513 480
514 480
514 480
514 480
514 475
515 477
515 479
515 479
515 479
515 479
515 479
515 479
515 479
516 478
516 478
516 478
516 478
517 478
517 478
517 478
517 475
518 476
518 476
518 476
518 476
519 476
519 476
519 476
518 475
519 475
519 475
519 475
518 475
518 475
518 475
