540 473
542 470
544 469
546 469
546 469
546 469
546 469
546 469
546 469
546 469
545 468
545 468
545 468
545 468
545 467
545 467
545 467
542 467
543 466
543 466
543 466
543 466
543 465
543 465
543 465
542 466
542 465
542 465
542 465
542 466
542 466
542 466
539 470
539 467
540 466
540 466
540 466
540 466
540 465
540 465
540 465
539 466
539 465
539 465
539 465
539 466
539 466
539 466
537 469
537 468
537 467
537 467
537 467
537 468
537 468
537 468
535 469
535 469
535 469
535 469
535 469
535 469
535 469
