540 472
542 468
545 467
548 467
549 467
549 467
549 467
549 467
550 467
550 467
550 467
549 467
550 467
550 467
550 467
549 467
549 467
549 467
546 465
547 465
548 465
548 465
548 465
547 465
547 465
547 465
546 463
546 463
546 463
546 463
546 463
546 463
546 463
542 464
543 462
544 462
545 462
545 462
545 462
544 462
544 462
544 462
543 460
543 460
543 460
543 460
543 460
543 460
543 460
541 462
541 460
541 460
541 460
541 460
541 460
541 460
541 460
540 462
540 462
540 462
540 462
539 462
539 462
539 462
538 468
538 464
539 462
540 462
541 462
541 462
541 462
540 462
540 462
540 462
539 460
539 460
539 460
539 460
539 460
539 460
539 460
537 462
537 460
537 460
537 460
537 460
537 460
537 460
537 460
536 462
536 462
536 462
536 462
535 462
535 462
535 462
535 467
534 465
534 463
534 463
534 463
534 463
534 463
534 463
534 463
533 465
533 465
533 465
533 465
532 465
532 465
532 465
532 467
531 467
531 467
531 467
531 467
530 467
530 467
530 467
531 468
530 468
530 468
530 468
531 468
531 468
531 468
