540 471
543 466
547 464
551 464
553 465
554 466
554 467
554 467
554 467
554 466
554 466
554 466
555 465
555 465
555 465
555 465
555 465
555 465
555 465
553 463
555 463
555 463
555 463
555 463
555 463
555 463
555 463
554 462
554 462
554 462
554 462
554 461
554 461
554 461
549 461
551 460
553 460
553 460
553 460
553 460
553 460
553 460
553 460
552 459
552 459
552 459
552 459
552 458
552 458
552 458
549 458
550 457
550 457
550 457
550 457
550 456
550 456
550 456
549 457
549 456
549 456
549 456
549 457
549 457
549 457
543 461
545 458
547 457
549 457
549 457
549 457
549 457
549 457
549 457
549 457
548 456
548 456
548 456
548 456
548 455
548 455
548 455
545 455
546 454
546 454
546 454
546 454
546 453
546 453
546 453
545 454
545 453
545 453
545 453
545 454
545 454
545 454
542 458
542 455
543 454
543 454
543 454
543 454
543 453
543 453
543 453
542 454
542 453
542 453
542 453
542 454
542 454
542 454
540 457
540 456
540 455
540 455
540 455
540 456
540 456
540 456
538 457
538 457
538 457
538 457
538 457
538 457
538 457
538 466
538 461
540 458
542 457
544 457
544 457
544 457
544 457
544 457
544 457
544 457
543 456
543 456
543 456
543 456
543 455
543 455
543 455
540 455
541 454
541 454
541 454
541 454
541 453
541 453
541 453
540 454
540 453
540 453
540 453
540 454
540 454
540 454
537 458
537 455
538 454
538 454
538 454
538 454
538 453
538 453
538 453
537 454
537 453
537 453
537 453
537 454
537 454
537 454
535 457
535 456
535 455
535 455
535 455
535 456
535 456
535 456
533 457
533 457
533 457
533 457
533 457
533 457
533 457
534 464
533 461
533 458
534 457
534 457
534 457
534 457
534 456
534 456
534 456
533 457
533 456
533 456
533 456
533 457
533 457
533 457
531 460
531 459
531 458
531 458
531 458
531 459
531 459
531 459
529 460
529 460
529 460
529 460
529 460
529 460
529 460
530 464
528 463
528 462
528 461
528 461
528 461
528 462
528 462
528 462
526 463
526 463
526 463
526 463
526 463
526 463
526 463
528 465
526 465
526 465
526 465
526 465
526 465
526 465
526 465
527 466
527 466
527 466
527 466
527 467
527 467
527 467
