540 470
543 464
548 462
553 462
556 463
557 465
557 467
557 467
557 467
557 467
557 467
557 467
557 467
558 465
558 465
558 465
558 465
559 465
559 465
559 465
559 463
560 463
560 463
560 463
560 463
561 463
561 463
561 463
560 463
561 463
561 463
561 463
560 463
560 463
560 463
556 461
559 461
560 461
560 461
560 461
560 461
561 461
561 461
561 461
560 461
561 461
561 461
561 461
560 461
560 461
560 461
557 459
558 459
559 459
559 459
559 459
558 459
558 459
558 459
557 457
557 457
557 457
557 457
557 457
557 457
557 457
550 458
553 457
556 457
557 457
557 457
557 457
557 457
558 457
558 457
558 457
557 457
558 457
558 457
558 457
557 457
557 457
557 457
554 455
555 455
556 455
556 455
556 455
555 455
555 455
555 455
554 453
554 453
554 453
554 453
554 453
554 453
554 453
550 454
551 452
552 452
553 452
553 452
553 452
552 452
552 452
552 452
551 450
551 450
551 450
551 450
551 450
551 450
551 450
549 452
549 450
549 450
549 450
549 450
549 450
549 450
549 450
548 452
548 452
548 452
548 452
547 452
547 452
547 452
543 458
545 454
548 453
551 453
552 453
552 453
552 453
552 453
553 453
553 453
553 453
552 453
553 453
553 453
553 453
552 453
552 453
552 453
549 451
550 451
551 451
551 451
551 451
550 451
550 451
550 451
549 449
549 449
549 449
549 449
549 449
549 449
549 449
545 450
546 448
547 448
548 448
548 448
548 448
547 448
547 448
547 448
546 446
546 446
546 446
546 446
546 446
546 446
546 446
544 448
544 446
544 446
544 446
544 446
544 446
544 446
544 446
543 448
543 448
543 448
543 448
542 448
542 448
542 448
541 454
541 450
542 448
543 448
544 448
544 448
544 448
543 448
543 448
543 448
542 446
542 446
542 446
542 446
542 446
542 446
542 446
540 448
540 446
540 446
540 446
540 446
540 446
540 446
540 446
539 448
539 448
539 448
539 448
538 448
538 448
538 448
538 453
537 451
537 449
537 449
537 449
537 449
537 449
537 449
537 449
536 451
536 451
536 451
536 451
535 451
535 451
535 451
535 453
534 453
534 453
534 453
534 453
533 453
533 453
533 453
534 454
533 454
533 454
533 454
534 454
534 454
534 454
537 464
537 458
539 454
542 453
545 453
546 453
546 453
546 453
546 453
547 453
547 453
547 453
546 453
547 453
547 453
547 453
546 453
546 453
546 453
543 451
544 451
545 451
545 451
545 451
544 451
544 451
544 451
543 449
543 449
543 449
543 449
543 449
543 449
543 449
539 450
540 448
541 448
542 448
542 448
542 448
541 448
541 448
541 448
540 446
540 446
540 446
540 446
540 446
540 446
540 446
538 448
538 446
538 446
538 446
538 446
538 446
538 446
538 446
537 448
537 448
537 448
537 448
536 448
536 448
536 448
535 454
535 450
536 448
537 448
538 448
538 448
538 448
537 448
537 448
537 448
536 446
536 446
536 446
536 446
536 446
536 446
536 446
534 448
534 446
534 446
534 446
534 446
534 446
534 446
534 446
533 448
533 448
533 448
533 448
532 448
532 448
532 448
532 453
531 451
531 449
531 449
531 449
531 449
531 449
531 449
531 449
530 451
530 451
530 451
530 451
529 451
529 451
529 451
529 453
528 453
528 453
528 453
528 453
527 453
527 453
527 453
528 454
527 454
527 454
527 454
528 454
528 454
528 454
532 462
530 458
530 454
531 452
532 452
533 452
533 452
533 452
532 452
532 452
532 452
531 450
531 450
531 450
531 450
531 450
531 450
531 450
529 452
529 450
529 450
529 450
529 450
529 450
529 450
529 450
528 452
528 452
528 452
528 452
527 452
527 452
527 452
527 457
526 455
526 453
526 453
526 453
526 453
526 453
526 453
526 453
525 455
525 455
525 455
525 455
524 455
524 455
524 455
524 457
523 457
523 457
523 457
523 457
522 457
522 457
522 457
523 458
522 458
522 458
522 458
523 458
523 458
523 458
527 462
524 461
523 459
523 457
523 457
523 457
523 457
523 457
523 457
523 457
522 459
522 459
522 459
522 459
521 459
521 459
521 459
521 461
520 461
520 461
520 461
520 461
519 461
519 461
519 461
520 462
519 462
519 462
519 462
520 462
520 462
520 462
524 464
521 464
520 464
520 464
520 464
520 464
519 464
519 464
519 464
520 465
519 465
519 465
519 465
520 465
520 465
520 465
523 466
522 467
521 467
521 467
521 467
522 467
522 467
522 467
523 468
523 468
523 468
523 468
523 468
523 468
523 468
