540 469
544 463
550 460
556 460
560 462
562 465
562 468
562 469
562 469
562 469
562 469
562 470
562 470
562 470
563 469
563 470
563 470
563 470
563 469
563 469
563 469
564 466
565 467
565 468
565 468
565 468
565 467
565 467
565 467
566 466
566 466
566 466
566 466
566 466
566 466
566 466
564 462
566 463
567 464
567 465
567 465
567 465
567 464
567 464
567 464
568 463
568 463
568 463
568 463
568 463
568 463
568 463
566 461
568 461
568 461
568 461
568 461
568 461
568 461
568 461
567 460
567 460
567 460
567 460
567 459
567 459
567 459
560 458
564 458
566 459
567 460
567 461
567 461
567 461
567 460
567 460
567 460
568 459
568 459
568 459
568 459
568 459
568 459
568 459
566 457
568 457
568 457
568 457
568 457
568 457
568 457
568 457
567 456
567 456
567 456
567 456
567 455
567 455
567 455
562 455
564 454
566 454
566 454
566 454
566 454
566 454
566 454
566 454
565 453
565 453
565 453
565 453
565 452
565 452
565 452
562 452
563 451
563 451
563 451
563 451
563 450
563 450
563 450
562 451
562 450
562 450
562 450
562 451
562 451
562 451
553 455
557 453
561 453
563 454
564 455
564 456
564 456
564 456
564 455
564 455
564 455
565 454
565 454
565 454
565 454
565 454
565 454
565 454
563 452
565 452
565 452
565 452
565 452
565 452
565 452
565 452
564 451
564 451
564 451
564 451
564 450
564 450
564 450
559 450
561 449
563 449
563 449
563 449
563 449
563 449
563 449
563 449
562 448
562 448
562 448
562 448
562 447
562 447
562 447
559 447
560 446
560 446
560 446
560 446
560 445
560 445
560 445
559 446
559 445
559 445
559 445
559 446
559 446
559 446
553 450
555 447
557 446
559 446
559 446
559 446
559 446
559 446
559 446
559 446
558 445
558 445
558 445
558 445
558 444
558 444
558 444
555 444
556 443
556 443
556 443
556 443
556 442
556 442
556 442
555 443
555 442
555 442
555 442
555 443
555 443
555 443
552 447
552 444
553 443
553 443
553 443
553 443
553 442
553 442
553 442
552 443
552 442
552 442
552 442
552 443
552 443
552 443
550 446
550 445
550 444
550 444
550 444
550 445
550 445
550 445
548 446
548 446
548 446
548 446
548 446
548 446
548 446
544 456
547 451
551 449
555 449
557 450
558 451
558 452
558 452
558 452
558 451
558 451
558 451
559 450
559 450
559 450
559 450
559 450
559 450
559 450
557 448
559 448
559 448
559 448
559 448
559 448
559 448
559 448
558 447
558 447
558 447
558 447
558 446
558 446
558 446
553 446
555 445
557 445
557 445
557 445
557 445
557 445
557 445
557 445
556 444
556 444
556 444
556 444
556 443
556 443
556 443
553 443
554 442
554 442
554 442
554 442
554 441
554 441
554 441
553 442
553 441
553 441
553 441
553 442
553 442
553 442
547 446
549 443
551 442
553 442
553 442
553 442
553 442
553 442
553 442
553 442
552 441
552 441
552 441
552 441
552 440
552 440
552 440
549 440
550 439
550 439
550 439
550 439
550 438
550 438
550 438
549 439
549 438
549 438
549 438
549 439
549 439
549 439
546 443
546 440
547 439
547 439
547 439
547 439
547 438
547 438
547 438
546 439
546 438
546 438
546 438
546 439
546 439
546 439
544 442
544 441
544 440
544 440
544 440
544 441
544 441
544 441
542 442
542 442
542 442
542 442
542 442
542 442
542 442
542 451
542 446
544 443
546 442
548 442
548 442
548 442
548 442
548 442
548 442
548 442
547 441
547 441
547 441
547 441
547 440
547 440
547 440
544 440
545 439
545 439
545 439
545 439
545 438
545 438
545 438
544 439
544 438
544 438
544 438
544 439
544 439
544 439
541 443
541 440
542 439
542 439
542 439
542 439
542 438
542 438
542 438
541 439
541 438
541 438
541 438
541 439
541 439
541 439
539 442
539 441
539 440
539 440
539 440
539 441
539 441
539 441
537 442
537 442
537 442
537 442
537 442
537 442
537 442
538 449
537 446
537 443
538 442
538 442
538 442
538 442
538 441
538 441
538 441
537 442
537 441
537 441
537 441
537 442
537 442
537 442
535 445
535 444
535 443
535 443
535 443
535 444
535 444
535 444
533 445
533 445
533 445
533 445
533 445
533 445
533 445
534 449
532 448
532 447
532 446
532 446
532 446
532 447
532 447
532 447
530 448
530 448
530 448
530 448
530 448
530 448
530 448
532 450
530 450
530 450
530 450
530 450
530 450
530 450
530 450
531 451
531 451
531 451
531 451
531 452
531 452
531 452
537 463
537 456
540 451
544 449
548 449
550 450
551 451
551 452
551 452
551 452
551 451
551 451
551 451
552 450
552 450
552 450
552 450
552 450
552 450
552 450
550 448
552 448
552 448
552 448
552 448
552 448
552 448
552 448
551 447
551 447
551 447
551 447
551 446
551 446
551 446
546 446
548 445
550 445
550 445
550 445
550 445
550 445
550 445
550 445
549 444
549 444
549 444
549 444
549 443
549 443
549 443
546 443
547 442
547 442
547 442
547 442
547 441
547 441
547 441
546 442
546 441
546 441
546 441
546 442
546 442
546 442
540 446
542 443
544 442
546 442
546 442
546 442
546 442
546 442
546 442
546 442
545 441
545 441
545 441
545 441
545 440
545 440
545 440
542 440
543 439
543 439
543 439
543 439
543 438
543 438
543 438
542 439
542 438
542 438
542 438
542 439
542 439
542 439
539 443
539 440
540 439
540 439
540 439
540 439
540 438
540 438
540 438
539 439
539 438
539 438
539 438
539 439
539 439
539 439
537 442
537 441
537 440
537 440
537 440
537 441
537 441
537 441
535 442
535 442
535 442
535 442
535 442
535 442
535 442
535 451
535 446
537 443
539 442
541 442
541 442
541 442
541 442
541 442
541 442
541 442
540 441
540 441
540 441
540 441
540 440
540 440
540 440
537 440
538 439
538 439
538 439
538 439
538 438
538 438
538 438
537 439
537 438
537 438
537 438
537 439
537 439
537 439
534 443
534 440
535 439
535 439
535 439
535 439
535 438
535 438
535 438
534 439
534 438
534 438
534 438
534 439
534 439
534 439
532 442
532 441
532 440
532 440
532 440
532 441
532 441
532 441
530 442
530 442
530 442
530 442
530 442
530 442
530 442
531 449
530 446
530 443
531 442
531 442
531 442
531 442
531 441
531 441
531 441
530 442
530 441
530 441
530 441
530 442
530 442
530 442
528 445
528 444
528 443
528 443
528 443
528 444
528 444
528 444
526 445
526 445
526 445
526 445
526 445
526 445
526 445
527 449
525 448
525 447
525 446
525 446
525 446
525 447
525 447
525 447
523 448
523 448
523 448
523 448
523 448
523 448
523 448
525 450
523 450
523 450
523 450
523 450
523 450
523 450
523 450
524 451
524 451
524 451
524 451
524 452
524 452
524 452
531 460
529 455
529 450
531 447
533 446
535 446
535 446
535 446
535 446
535 446
535 446
535 446
534 445
534 445
534 445
534 445
534 444
534 444
534 444
531 444
532 443
532 443
532 443
532 443
532 442
532 442
532 442
531 443
531 442
531 442
531 442
531 443
531 443
531 443
528 447
528 444
529 443
529 443
529 443
529 443
529 442
529 442
529 442
528 443
528 442
528 442
528 442
528 443
528 443
528 443
526 446
526 445
526 444
526 444
526 444
526 445
526 445
526 445
524 446
524 446
524 446
524 446
524 446
524 446
524 446
525 453
524 450
524 447
525 446
525 446
525 446
525 446
525 445
525 445
525 445
524 446
524 445
524 445
524 445
524 446
524 446
524 446
522 449
522 448
522 447
522 447
522 447
522 448
522 448
522 448
520 449
520 449
520 449
520 449
520 449
520 449
520 449
521 453
519 452
519 451
519 450
519 450
519 450
519 451
519 451
519 451
517 452
517 452
517 452
517 452
517 452
517 452
517 452
519 454
517 454
517 454
517 454
517 454
517 454
517 454
517 454
518 455
518 455
518 455
518 455
518 456
518 456
518 456
525 460
521 458
520 455
520 452
521 451
521 451
521 451
521 451
521 450
521 450
521 450
520 451
520 450
520 450
520 450
520 451
520 451
520 451
518 454
518 453
518 452
518 452
518 452
518 453
518 453
518 453
516 454
516 454
516 454
516 454
516 454
516 454
516 454
517 458
515 457
515 456
515 455
515 455
515 455
515 456
515 456
515 456
513 457
513 457
513 457
513 457
513 457
513 457
513 457
515 459
513 459
513 459
513 459
513 459
513 459
513 459
513 459
514 460
514 460
514 460
514 460
514 461
514 461
514 461
521 462
517 462
515 461
515 460
515 459
515 459
515 459
515 460
515 460
515 460
513 461
513 461
513 461
513 461
513 461
513 461
513 461
515 463
513 463
513 463
513 463
513 463
513 463
513 463
513 463
514 464
514 464
514 464
514 464
514 465
514 465
514 465
519 465
517 466
515 466
515 466
515 466
515 466
515 466
515 466
515 466
516 467
516 467
516 467
516 467
516 468
516 468
516 468
519 468
518 469
518 469
518 469
518 469
518 470
518 470
518 470
520 469
520 470
520 470
520 470
520 469
520 469
520 469
